2026/06/09 22:06:09.792, 0, 239.45, 0, 34, 245852
2026/06/09 22:06:09.798, 1, 236.82, 0, 34, 245852
2026/06/09 22:06:09.800, 2, 222.96, 0, 33, 246652
2026/06/09 22:06:09.803, 3, 226.10, 0, 33, 246652
2026/06/09 22:06:10.805, 0, 424.94, 2, 36, 248256
2026/06/09 22:06:10.805, 1, 426.58, 6, 36, 248256
2026/06/09 22:06:10.805, 2, 224.06, 0, 33, 246652
2026/06/09 22:06:10.805, 3, 227.24, 0, 33, 246652
2026/06/09 22:06:11.805, 0, 241.00, 0, 34, 248256
2026/06/09 22:06:11.805, 1, 237.05, 0, 34, 248256
2026/06/09 22:06:11.805, 2, 427.70, 100, 37, 246652
2026/06/09 22:06:11.805, 3, 423.39, 100, 37, 246652
2026/06/09 22:06:12.806, 0, 239.84, 0, 34, 248256
2026/06/09 22:06:12.806, 1, 236.83, 0, 34, 248256
2026/06/09 22:06:12.806, 2, 441.55, 100, 37, 246652
2026/06/09 22:06:12.806, 3, 444.42, 100, 37, 246652
2026/06/09 22:06:13.806, 0, 239.20, 0, 34, 248256
2026/06/09 22:06:13.806, 1, 236.46, 0, 34, 248256
2026/06/09 22:06:13.806, 2, 438.57, 100, 37, 246652
2026/06/09 22:06:13.806, 3, 443.11, 100, 38, 246652
2026/06/09 22:06:14.806, 0, 238.75, 0, 34, 248256
2026/06/09 22:06:14.806, 1, 236.43, 0, 34, 248256
2026/06/09 22:06:14.806, 2, 439.14, 100, 38, 246652
2026/06/09 22:06:14.806, 3, 443.71, 100, 38, 246652
2026/06/09 22:06:15.806, 0, 238.89, 0, 34, 248256
2026/06/09 22:06:15.806, 1, 236.16, 0, 34, 248256
2026/06/09 22:06:15.807, 2, 439.28, 100, 38, 246652
2026/06/09 22:06:15.807, 3, 444.07, 100, 38, 246652
2026/06/09 22:06:16.807, 0, 239.23, 0, 34, 248256
2026/06/09 22:06:16.807, 1, 236.10, 0, 34, 248256
2026/06/09 22:06:16.807, 2, 437.78, 100, 38, 246652
2026/06/09 22:06:16.807, 3, 439.70, 100, 38, 246652
2026/06/09 22:06:17.807, 0, 239.19, 0, 34, 248256
2026/06/09 22:06:17.807, 1, 236.13, 0, 34, 248256
2026/06/09 22:06:17.807, 2, 438.34, 100, 38, 246652
2026/06/09 22:06:17.807, 3, 442.29, 100, 38, 246652
2026/06/09 22:06:18.807, 0, 238.75, 0, 34, 248256
2026/06/09 22:06:18.807, 1, 236.43, 0, 34, 248256
2026/06/09 22:06:18.807, 2, 438.43, 100, 38, 246652
2026/06/09 22:06:18.807, 3, 444.35, 100, 38, 246652
2026/06/09 22:06:19.807, 0, 239.22, 0, 34, 248256
2026/06/09 22:06:19.808, 1, 236.04, 0, 34, 248256
2026/06/09 22:06:19.808, 2, 420.50, 58, 37, 246652
2026/06/09 22:06:19.808, 3, 427.21, 100, 37, 246652
2026/06/09 22:06:20.808, 0, 239.29, 0, 34, 248256
2026/06/09 22:06:20.808, 1, 235.61, 0, 34, 248256
2026/06/09 22:06:20.808, 2, 364.36, 100, 37, 246652
2026/06/09 22:06:20.808, 3, 363.66, 100, 37, 246652
2026/06/09 22:06:21.808, 0, 239.58, 0, 34, 248256
2026/06/09 22:06:21.809, 1, 236.15, 0, 34, 248256
2026/06/09 22:06:21.809, 2, 365.77, 100, 37, 246652
2026/06/09 22:06:21.809, 3, 367.98, 100, 37, 246652
2026/06/09 22:06:22.809, 0, 239.21, 0, 34, 248256
2026/06/09 22:06:22.809, 1, 236.65, 0, 34, 248256
2026/06/09 22:06:22.809, 2, 367.24, 100, 37, 246652
2026/06/09 22:06:22.809, 3, 368.77, 100, 37, 246652
2026/06/09 22:06:23.809, 0, 238.84, 0, 34, 248256
2026/06/09 22:06:23.809, 1, 236.37, 0, 34, 248256
2026/06/09 22:06:23.809, 2, 367.58, 100, 37, 246652
2026/06/09 22:06:23.809, 3, 367.83, 100, 37, 246652
2026/06/09 22:06:24.809, 0, 239.22, 0, 34, 248256
2026/06/09 22:06:24.809, 1, 236.47, 0, 34, 248256
2026/06/09 22:06:24.809, 2, 368.58, 100, 37, 246652
2026/06/09 22:06:24.809, 3, 367.21, 100, 37, 246652
2026/06/09 22:06:25.810, 0, 239.18, 0, 34, 248256
2026/06/09 22:06:25.810, 1, 236.19, 0, 34, 248256
2026/06/09 22:06:25.810, 2, 367.31, 100, 37, 246652
2026/06/09 22:06:25.810, 3, 366.93, 100, 37, 246652
2026/06/09 22:06:26.810, 0, 239.29, 0, 34, 248256
2026/06/09 22:06:26.810, 1, 235.98, 0, 34, 248256
2026/06/09 22:06:26.810, 2, 368.30, 100, 37, 246652
2026/06/09 22:06:26.810, 3, 368.02, 100, 37, 246652
2026/06/09 22:06:27.810, 0, 239.23, 0, 34, 248256
2026/06/09 22:06:27.810, 1, 236.43, 0, 34, 248256
2026/06/09 22:06:27.810, 2, 368.70, 100, 37, 246652
2026/06/09 22:06:27.810, 3, 368.20, 100, 37, 246652
2026/06/09 22:06:28.810, 0, 239.12, 0, 34, 248256
2026/06/09 22:06:28.811, 1, 236.45, 0, 34, 248256
2026/06/09 22:06:28.811, 2, 367.83, 100, 37, 246652
2026/06/09 22:06:28.811, 3, 367.83, 100, 37, 246652
2026/06/09 22:06:29.811, 0, 239.22, 0, 34, 248256
2026/06/09 22:06:29.811, 1, 235.98, 0, 34, 248256
2026/06/09 22:06:29.811, 2, 367.52, 100, 37, 246652
2026/06/09 22:06:29.811, 3, 369.38, 100, 37, 246652
2026/06/09 22:06:30.811, 0, 239.15, 0, 34, 248256
2026/06/09 22:06:30.811, 1, 236.24, 0, 34, 248256
2026/06/09 22:06:30.811, 2, 367.67, 100, 37, 246652
2026/06/09 22:06:30.811, 3, 366.33, 100, 37, 246652
2026/06/09 22:06:31.811, 0, 238.95, 0, 34, 248256
2026/06/09 22:06:31.811, 1, 236.26, 0, 34, 248256
2026/06/09 22:06:31.811, 2, 368.56, 100, 37, 246652
2026/06/09 22:06:31.811, 3, 371.57, 100, 37, 246652
2026/06/09 22:06:32.812, 0, 238.92, 0, 34, 248256
2026/06/09 22:06:32.812, 1, 236.16, 0, 34, 248256
2026/06/09 22:06:32.812, 2, 367.96, 100, 37, 246652
2026/06/09 22:06:32.812, 3, 370.22, 100, 37, 246652
2026/06/09 22:06:33.812, 0, 239.38, 0, 34, 248256
2026/06/09 22:06:33.812, 1, 235.48, 0, 33, 248256
2026/06/09 22:06:33.812, 2, 369.77, 100, 37, 246652
2026/06/09 22:06:33.812, 3, 368.00, 100, 37, 246652
2026/06/09 22:06:34.812, 0, 239.83, 0, 34, 248256
2026/06/09 22:06:34.812, 1, 235.73, 0, 33, 248256
2026/06/09 22:06:34.812, 2, 369.29, 100, 37, 246652
2026/06/09 22:06:34.812, 3, 368.46, 100, 37, 246652
2026/06/09 22:06:35.812, 0, 239.43, 0, 34, 248256
2026/06/09 22:06:35.812, 1, 235.63, 0, 34, 248256
2026/06/09 22:06:35.812, 2, 367.85, 100, 37, 246652
2026/06/09 22:06:35.812, 3, 370.92, 100, 37, 246652
2026/06/09 22:06:36.813, 0, 239.14, 0, 34, 248256
2026/06/09 22:06:36.813, 1, 235.93, 0, 34, 248256
2026/06/09 22:06:36.813, 2, 368.52, 100, 37, 246652
2026/06/09 22:06:36.813, 3, 368.75, 100, 37, 246652
2026/06/09 22:06:37.813, 0, 262.08, 0, 34, 248256
2026/06/09 22:06:37.813, 1, 258.66, 0, 34, 248256
2026/06/09 22:06:37.813, 2, 329.21, 100, 36, 246652
2026/06/09 22:06:37.813, 3, 330.12, 100, 36, 246652
2026/06/09 22:06:38.813, 0, 239.07, 0, 34, 248256
2026/06/09 22:06:38.813, 1, 236.38, 0, 34, 248256
2026/06/09 22:06:38.813, 2, 367.05, 100, 37, 246652
2026/06/09 22:06:38.813, 3, 368.65, 100, 37, 246652
2026/06/09 22:06:39.813, 0, 239.12, 0, 34, 248256
2026/06/09 22:06:39.823, 1, 236.27, 0, 34, 248256
2026/06/09 22:06:39.823, 2, 367.45, 100, 37, 246652
2026/06/09 22:06:39.823, 3, 369.61, 100, 37, 246652
2026/06/09 22:06:40.823, 0, 239.04, 0, 34, 248256
2026/06/09 22:06:40.823, 1, 236.34, 0, 34, 248256
2026/06/09 22:06:40.823, 2, 367.21, 100, 37, 246652
2026/06/09 22:06:40.823, 3, 368.49, 100, 37, 246652
2026/06/09 22:06:41.823, 0, 253.74, 0, 34, 248256
2026/06/09 22:06:41.824, 1, 264.82, 0, 34, 248256
2026/06/09 22:06:41.824, 2, 348.80, 100, 36, 246652
2026/06/09 22:06:41.824, 3, 351.54, 100, 37, 246652
2026/06/09 22:06:42.824, 0, 239.57, 0, 34, 248256
2026/06/09 22:06:42.824, 1, 236.86, 0, 34, 248256
2026/06/09 22:06:42.824, 2, 367.68, 100, 37, 246652
2026/06/09 22:06:42.824, 3, 369.85, 100, 37, 246652
2026/06/09 22:06:43.824, 0, 239.63, 0, 34, 248256
2026/06/09 22:06:43.824, 1, 236.88, 0, 34, 248256
2026/06/09 22:06:43.824, 2, 367.99, 100, 37, 246652
2026/06/09 22:06:43.824, 3, 368.11, 100, 37, 246652
2026/06/09 22:06:44.824, 0, 239.13, 0, 34, 248256
2026/06/09 22:06:44.824, 1, 236.53, 0, 34, 248256
2026/06/09 22:06:44.825, 2, 366.27, 100, 37, 246652
2026/06/09 22:06:44.825, 3, 369.01, 100, 37, 246652
2026/06/09 22:06:45.825, 0, 239.13, 0, 34, 248256
2026/06/09 22:06:45.825, 1, 236.26, 0, 34, 248256
2026/06/09 22:06:45.825, 2, 367.03, 100, 37, 246652
2026/06/09 22:06:45.825, 3, 368.62, 100, 37, 246652
2026/06/09 22:06:46.825, 0, 238.67, 0, 34, 248256
2026/06/09 22:06:46.825, 1, 236.69, 0, 34, 248256
2026/06/09 22:06:46.825, 2, 367.93, 100, 37, 246652
2026/06/09 22:06:46.825, 3, 368.90, 100, 37, 246652
2026/06/09 22:06:47.825, 0, 238.81, 0, 34, 248256
2026/06/09 22:06:47.825, 1, 235.96, 0, 34, 248256
2026/06/09 22:06:47.825, 2, 368.48, 100, 37, 246652
2026/06/09 22:06:47.825, 3, 369.53, 100, 37, 246652
2026/06/09 22:06:48.825, 0, 238.81, 0, 34, 248256
2026/06/09 22:06:48.826, 1, 235.74, 0, 34, 248256
2026/06/09 22:06:48.826, 2, 367.91, 100, 37, 246652
2026/06/09 22:06:48.826, 3, 368.31, 100, 37, 246652
2026/06/09 22:06:49.826, 0, 238.92, 0, 34, 248256
2026/06/09 22:06:49.826, 1, 235.68, 0, 34, 248256
2026/06/09 22:06:49.826, 2, 368.22, 100, 37, 246652
2026/06/09 22:06:49.826, 3, 370.30, 100, 37, 246652
2026/06/09 22:06:50.826, 0, 239.12, 0, 34, 248256
2026/06/09 22:06:50.827, 1, 236.39, 0, 34, 248256
2026/06/09 22:06:50.827, 2, 369.14, 100, 37, 246652
2026/06/09 22:06:50.828, 3, 369.62, 100, 37, 246652
2026/06/09 22:06:51.828, 0, 239.61, 0, 34, 248256
2026/06/09 22:06:51.828, 1, 236.24, 0, 34, 248256
2026/06/09 22:06:51.828, 2, 368.77, 100, 37, 246652
2026/06/09 22:06:51.828, 3, 368.86, 100, 37, 246652
2026/06/09 22:06:52.828, 0, 265.32, 0, 34, 248256
2026/06/09 22:06:52.828, 1, 247.47, 0, 34, 248256
2026/06/09 22:06:52.828, 2, 349.91, 100, 37, 246652
2026/06/09 22:06:52.828, 3, 353.50, 100, 37, 246652
2026/06/09 22:06:53.828, 0, 238.99, 0, 34, 248256
2026/06/09 22:06:53.828, 1, 237.06, 0, 34, 248256
2026/06/09 22:06:53.828, 2, 367.13, 100, 37, 246652
2026/06/09 22:06:53.828, 3, 367.94, 100, 37, 246652
2026/06/09 22:06:54.829, 0, 239.29, 0, 34, 248256
2026/06/09 22:06:54.829, 1, 236.26, 0, 34, 248256
2026/06/09 22:06:54.829, 2, 367.22, 100, 37, 246652
2026/06/09 22:06:54.829, 3, 369.03, 100, 37, 246652
2026/06/09 22:06:55.829, 0, 260.04, 0, 34, 248258
2026/06/09 22:06:55.829, 1, 244.95, 0, 34, 248258
2026/06/09 22:06:55.830, 2, 368.36, 100, 37, 246652
2026/06/09 22:06:55.830, 3, 371.39, 100, 37, 246652
2026/06/09 22:06:56.830, 0, 249.79, 0, 34, 248260
2026/06/09 22:06:56.830, 1, 257.32, 0, 34, 248260
2026/06/09 22:06:56.830, 2, 367.69, 100, 37, 246652
2026/06/09 22:06:56.830, 3, 370.26, 98, 37, 246652
2026/06/09 22:06:57.830, 0, 238.96, 0, 34, 248260
2026/06/09 22:06:57.830, 1, 236.29, 0, 34, 248260
2026/06/09 22:06:57.830, 2, 367.80, 100, 37, 246652
2026/06/09 22:06:57.830, 3, 369.48, 100, 37, 246652
2026/06/09 22:06:58.830, 0, 239.35, 0, 34, 248260
2026/06/09 22:06:58.830, 1, 236.69, 0, 34, 248260
2026/06/09 22:06:58.830, 2, 366.86, 100, 37, 246652
2026/06/09 22:06:58.830, 3, 370.09, 100, 37, 246652
2026/06/09 22:06:59.830, 0, 239.46, 0, 34, 248260
2026/06/09 22:06:59.831, 1, 235.98, 0, 34, 248260
2026/06/09 22:06:59.831, 2, 368.37, 100, 37, 246652
2026/06/09 22:06:59.831, 3, 369.53, 100, 37, 246652
2026/06/09 22:07:00.831, 0, 238.98, 0, 34, 248260
2026/06/09 22:07:00.831, 1, 236.35, 0, 34, 248260
2026/06/09 22:07:00.831, 2, 368.76, 100, 37, 246652
2026/06/09 22:07:00.831, 3, 370.50, 100, 37, 246652
2026/06/09 22:07:01.831, 0, 259.89, 0, 34, 248260
2026/06/09 22:07:01.831, 1, 258.75, 0, 34, 248260
2026/06/09 22:07:01.831, 2, 368.14, 100, 37, 246652
2026/06/09 22:07:01.831, 3, 367.72, 98, 37, 246652
2026/06/09 22:07:02.831, 0, 239.81, 0, 34, 248260
2026/06/09 22:07:02.831, 1, 236.02, 0, 34, 248260
2026/06/09 22:07:02.831, 2, 370.17, 100, 37, 246652
2026/06/09 22:07:02.832, 3, 370.11, 100, 37, 246652
2026/06/09 22:07:03.832, 0, 239.30, 0, 34, 248260
2026/06/09 22:07:03.832, 1, 236.66, 0, 34, 248260
2026/06/09 22:07:03.832, 2, 370.15, 100, 37, 246652
2026/06/09 22:07:03.832, 3, 370.12, 100, 37, 246652
2026/06/09 22:07:04.832, 0, 239.00, 0, 34, 248260
2026/06/09 22:07:04.832, 1, 236.09, 0, 34, 248260
2026/06/09 22:07:04.832, 2, 371.06, 100, 37, 246652
2026/06/09 22:07:04.832, 3, 370.86, 100, 37, 246652
2026/06/09 22:07:05.832, 0, 238.91, 0, 34, 248260
2026/06/09 22:07:05.832, 1, 236.36, 0, 34, 248260
2026/06/09 22:07:05.832, 2, 369.91, 100, 37, 246652
2026/06/09 22:07:05.832, 3, 369.42, 100, 37, 246652
2026/06/09 22:07:06.832, 0, 239.04, 0, 34, 248260
2026/06/09 22:07:06.833, 1, 236.06, 0, 34, 248260
2026/06/09 22:07:06.833, 2, 370.20, 100, 37, 246652
2026/06/09 22:07:06.833, 3, 370.52, 100, 37, 246652
2026/06/09 22:07:07.833, 0, 274.70, 6, 34, 248260
2026/06/09 22:07:07.833, 1, 253.02, 46, 34, 248260
2026/06/09 22:07:07.833, 2, 409.30, 100, 38, 246652
2026/06/09 22:07:07.833, 3, 409.91, 100, 38, 246652
2026/06/09 22:07:08.833, 0, 260.86, 0, 34, 248260
2026/06/09 22:07:08.833, 1, 256.11, 0, 34, 248260
2026/06/09 22:07:08.833, 2, 432.76, 100, 38, 246652
2026/06/09 22:07:08.833, 3, 436.81, 100, 38, 246652
2026/06/09 22:07:09.833, 0, 269.25, 0, 34, 248260
2026/06/09 22:07:09.833, 1, 250.98, 0, 34, 248260
2026/06/09 22:07:09.834, 2, 432.89, 100, 38, 246652
2026/06/09 22:07:09.834, 3, 436.01, 100, 38, 246652
2026/06/09 22:07:10.834, 0, 252.77, 21, 34, 248260
2026/06/09 22:07:10.834, 1, 261.43, 75, 36, 248260
2026/06/09 22:07:10.834, 2, 433.37, 100, 38, 246652
2026/06/09 22:07:10.834, 3, 438.97, 100, 38, 246652
2026/06/09 22:07:11.834, 0, 238.98, 0, 34, 248260
2026/06/09 22:07:11.834, 1, 237.37, 0, 33, 248260
2026/06/09 22:07:11.834, 2, 443.68, 100, 38, 246652
2026/06/09 22:07:11.834, 3, 447.83, 100, 38, 246652
2026/06/09 22:07:12.834, 0, 238.60, 0, 33, 248260
2026/06/09 22:07:12.834, 1, 235.93, 0, 33, 248260
2026/06/09 22:07:12.834, 2, 443.87, 100, 38, 246652
2026/06/09 22:07:12.834, 3, 447.83, 100, 38, 246652
2026/06/09 22:07:13.835, 0, 238.74, 0, 33, 248260
2026/06/09 22:07:13.835, 1, 236.43, 0, 33, 248260
2026/06/09 22:07:13.835, 2, 442.29, 100, 38, 246652
2026/06/09 22:07:13.835, 3, 445.56, 100, 38, 246652
2026/06/09 22:07:14.835, 0, 238.67, 0, 33, 248260
2026/06/09 22:07:14.835, 1, 235.63, 0, 33, 248260
2026/06/09 22:07:14.835, 2, 440.22, 100, 38, 246652
2026/06/09 22:07:14.835, 3, 446.01, 100, 38, 246652
2026/06/09 22:07:15.835, 0, 252.64, 0, 33, 248260
2026/06/09 22:07:15.835, 1, 263.71, 0, 34, 248260
2026/06/09 22:07:15.835, 2, 433.77, 100, 38, 246652
2026/06/09 22:07:15.835, 3, 438.95, 100, 38, 246652
2026/06/09 22:07:16.835, 0, 238.68, 0, 33, 248260
2026/06/09 22:07:16.835, 1, 236.38, 0, 33, 248260
2026/06/09 22:07:16.836, 2, 443.54, 100, 38, 246652
2026/06/09 22:07:16.836, 3, 448.40, 100, 38, 246652
2026/06/09 22:07:17.836, 0, 238.66, 0, 33, 248260
2026/06/09 22:07:17.836, 1, 235.94, 0, 33, 248260
2026/06/09 22:07:17.836, 2, 444.05, 100, 38, 246652
2026/06/09 22:07:17.836, 3, 447.61, 100, 38, 246652
2026/06/09 22:07:18.836, 0, 239.19, 0, 33, 248260
2026/06/09 22:07:18.836, 1, 235.76, 0, 33, 248260
2026/06/09 22:07:18.836, 2, 444.10, 100, 38, 246652
2026/06/09 22:07:18.836, 3, 446.66, 100, 38, 246652
2026/06/09 22:07:19.836, 0, 250.19, 0, 33, 248260
2026/06/09 22:07:19.836, 1, 259.55, 0, 34, 248260
2026/06/09 22:07:19.836, 2, 433.99, 100, 38, 246652
2026/06/09 22:07:19.836, 3, 436.19, 100, 38, 246652
2026/06/09 22:07:20.836, 0, 239.25, 0, 33, 248260
2026/06/09 22:07:20.837, 1, 236.34, 0, 33, 248260
2026/06/09 22:07:20.837, 2, 444.86, 100, 38, 246652
2026/06/09 22:07:20.837, 3, 449.95, 100, 38, 246652
2026/06/09 22:07:21.837, 0, 238.67, 0, 33, 248260
2026/06/09 22:07:21.837, 1, 236.01, 0, 33, 248260
2026/06/09 22:07:21.837, 2, 443.53, 100, 38, 246652
2026/06/09 22:07:21.837, 3, 446.92, 100, 38, 246652
2026/06/09 22:07:22.837, 0, 248.49, 0, 33, 248260
2026/06/09 22:07:22.837, 1, 257.30, 0, 34, 248260
2026/06/09 22:07:22.837, 2, 442.72, 100, 38, 246652
2026/06/09 22:07:22.837, 3, 446.45, 100, 38, 246652
2026/06/09 22:07:23.837, 0, 254.03, 0, 33, 248260
2026/06/09 22:07:23.837, 1, 276.04, 0, 34, 248260
2026/06/09 22:07:23.837, 2, 443.35, 100, 38, 246652
2026/06/09 22:07:23.837, 3, 446.01, 100, 38, 246652
2026/06/09 22:07:24.838, 0, 239.21, 0, 33, 248260
2026/06/09 22:07:24.838, 1, 236.32, 0, 33, 248260
2026/06/09 22:07:24.838, 2, 446.40, 100, 38, 246652
2026/06/09 22:07:24.838, 3, 446.41, 100, 38, 246652
2026/06/09 22:07:25.838, 0, 238.91, 0, 33, 248260
2026/06/09 22:07:25.838, 1, 236.16, 0, 33, 248260
2026/06/09 22:07:25.838, 2, 447.63, 100, 38, 246652
2026/06/09 22:07:25.838, 3, 448.17, 100, 38, 246652
2026/06/09 22:07:26.838, 0, 238.74, 0, 33, 248260
2026/06/09 22:07:26.838, 1, 235.88, 0, 33, 248260
2026/06/09 22:07:26.838, 2, 446.67, 100, 38, 246652
2026/06/09 22:07:26.838, 3, 446.81, 100, 38, 246652
2026/06/09 22:07:27.838, 0, 238.51, 0, 33, 248260
2026/06/09 22:07:27.838, 1, 235.34, 0, 33, 248260
2026/06/09 22:07:27.838, 2, 446.45, 100, 38, 246652
2026/06/09 22:07:27.838, 3, 446.46, 100, 38, 246652
2026/06/09 22:07:28.839, 0, 238.68, 0, 33, 248260
2026/06/09 22:07:28.839, 1, 236.00, 0, 33, 248260
2026/06/09 22:07:28.839, 2, 448.86, 100, 38, 246652
2026/06/09 22:07:28.839, 3, 449.75, 100, 38, 246652
2026/06/09 22:07:29.839, 0, 238.52, 0, 33, 248260
2026/06/09 22:07:29.839, 1, 236.08, 0, 33, 248260
2026/06/09 22:07:29.839, 2, 447.48, 100, 38, 246652
2026/06/09 22:07:29.839, 3, 447.80, 100, 38, 246652
2026/06/09 22:07:30.839, 0, 238.75, 0, 33, 248260
2026/06/09 22:07:30.839, 1, 235.81, 0, 33, 248260
2026/06/09 22:07:30.839, 2, 447.67, 100, 38, 246652
2026/06/09 22:07:30.839, 3, 449.10, 100, 38, 246652
2026/06/09 22:07:31.839, 0, 238.67, 0, 33, 248260
2026/06/09 22:07:31.839, 1, 236.11, 0, 33, 248260
2026/06/09 22:07:31.839, 2, 449.28, 100, 38, 246652
2026/06/09 22:07:31.839, 3, 448.56, 100, 38, 246652
2026/06/09 22:07:32.840, 0, 238.96, 0, 33, 248260
2026/06/09 22:07:32.840, 1, 235.76, 0, 33, 248260
2026/06/09 22:07:32.840, 2, 449.12, 100, 38, 246652
2026/06/09 22:07:32.840, 3, 453.49, 100, 39, 246652
2026/06/09 22:07:33.840, 0, 239.07, 0, 33, 248260
2026/06/09 22:07:33.840, 1, 235.27, 0, 33, 248260
2026/06/09 22:07:33.840, 2, 450.45, 100, 38, 246652
2026/06/09 22:07:33.840, 3, 451.85, 100, 38, 246652
2026/06/09 22:07:34.840, 0, 281.97, 10, 34, 248260
2026/06/09 22:07:34.840, 1, 277.88, 15, 34, 248260
2026/06/09 22:07:34.840, 2, 447.87, 98, 38, 246652
2026/06/09 22:07:34.840, 3, 449.43, 100, 38, 246652
2026/06/09 22:07:35.840, 0, 250.16, 0, 33, 248260
2026/06/09 22:07:35.840, 1, 255.57, 0, 33, 248260
2026/06/09 22:07:35.840, 2, 443.59, 100, 38, 246652
2026/06/09 22:07:35.840, 3, 446.12, 100, 38, 246652
2026/06/09 22:07:36.841, 0, 261.51, 0, 34, 248260
2026/06/09 22:07:36.841, 1, 259.76, 0, 34, 248260
2026/06/09 22:07:36.841, 2, 444.71, 100, 38, 246652
2026/06/09 22:07:36.841, 3, 444.96, 100, 38, 246652
2026/06/09 22:07:37.841, 0, 238.74, 0, 33, 248260
2026/06/09 22:07:37.841, 1, 236.47, 0, 33, 248260
2026/06/09 22:07:37.841, 2, 442.82, 100, 38, 246652
2026/06/09 22:07:37.841, 3, 445.31, 100, 38, 246652
2026/06/09 22:07:38.841, 0, 238.75, 0, 33, 248260
2026/06/09 22:07:38.841, 1, 235.88, 0, 33, 248260
2026/06/09 22:07:38.841, 2, 444.11, 100, 38, 246652
2026/06/09 22:07:38.841, 3, 444.80, 100, 38, 246652
2026/06/09 22:07:39.841, 0, 238.96, 0, 33, 248260
2026/06/09 22:07:39.841, 1, 235.61, 0, 33, 248260
2026/06/09 22:07:39.842, 2, 445.41, 100, 38, 246652
2026/06/09 22:07:39.842, 3, 445.68, 100, 38, 246652
2026/06/09 22:07:40.842, 0, 255.52, 0, 33, 248260
2026/06/09 22:07:40.842, 1, 265.77, 0, 33, 248260
2026/06/09 22:07:40.842, 2, 446.27, 100, 38, 246652
2026/06/09 22:07:40.842, 3, 445.84, 100, 38, 246652
2026/06/09 22:07:41.842, 0, 248.95, 0, 33, 248260
2026/06/09 22:07:41.842, 1, 257.11, 0, 33, 248260
2026/06/09 22:07:41.842, 2, 443.16, 100, 38, 246652
2026/06/09 22:07:41.842, 3, 446.99, 100, 38, 246652
2026/06/09 22:07:42.842, 0, 238.66, 0, 33, 248260
2026/06/09 22:07:42.842, 1, 235.99, 0, 33, 248260
2026/06/09 22:07:42.842, 2, 445.70, 100, 38, 246652
2026/06/09 22:07:42.842, 3, 446.40, 100, 38, 246652
2026/06/09 22:07:43.843, 0, 238.50, 0, 33, 248260
2026/06/09 22:07:43.843, 1, 235.84, 0, 33, 248260
2026/06/09 22:07:43.843, 2, 444.89, 100, 38, 246652
2026/06/09 22:07:43.843, 3, 446.75, 100, 38, 246652
2026/06/09 22:07:44.843, 0, 250.64, 0, 34, 248260
2026/06/09 22:07:44.843, 1, 267.68, 9, 34, 248260
2026/06/09 22:07:44.843, 2, 443.13, 100, 38, 246652
2026/06/09 22:07:44.843, 3, 444.62, 98, 38, 246652
2026/06/09 22:07:45.843, 0, 239.03, 0, 33, 248260
2026/06/09 22:07:45.843, 1, 236.47, 0, 33, 248260
2026/06/09 22:07:45.843, 2, 448.10, 100, 38, 246652
2026/06/09 22:07:45.843, 3, 448.07, 100, 38, 246652
2026/06/09 22:07:46.843, 0, 238.84, 0, 33, 248260
2026/06/09 22:07:46.844, 1, 235.99, 0, 33, 248260
2026/06/09 22:07:46.844, 2, 442.32, 100, 38, 246652
2026/06/09 22:07:46.844, 3, 445.23, 100, 38, 246652
2026/06/09 22:07:47.844, 0, 238.67, 0, 33, 248260
2026/06/09 22:07:47.844, 1, 235.81, 0, 33, 248260
2026/06/09 22:07:47.844, 2, 443.58, 100, 38, 246652
2026/06/09 22:07:47.844, 3, 442.47, 100, 38, 246652
2026/06/09 22:07:48.844, 0, 238.81, 0, 33, 248260
2026/06/09 22:07:48.844, 1, 235.95, 0, 33, 248260
2026/06/09 22:07:48.844, 2, 444.86, 100, 38, 246652
2026/06/09 22:07:48.844, 3, 444.48, 100, 38, 246652
2026/06/09 22:07:49.844, 0, 238.21, 0, 33, 248260
2026/06/09 22:07:49.844, 1, 236.09, 0, 33, 248260
2026/06/09 22:07:49.844, 2, 444.50, 100, 38, 246652
2026/06/09 22:07:49.844, 3, 445.17, 100, 38, 246652
2026/06/09 22:07:50.845, 0, 238.30, 0, 33, 248260
2026/06/09 22:07:50.845, 1, 235.86, 0, 33, 248260
2026/06/09 22:07:50.845, 2, 444.07, 100, 38, 246652
2026/06/09 22:07:50.845, 3, 447.46, 100, 38, 246652
2026/06/09 22:07:51.845, 0, 238.37, 0, 33, 248260
2026/06/09 22:07:51.845, 1, 235.96, 0, 33, 248260
2026/06/09 22:07:51.845, 2, 446.77, 100, 38, 246652
2026/06/09 22:07:51.845, 3, 445.56, 100, 38, 246652
2026/06/09 22:07:52.845, 0, 238.59, 0, 33, 248260
2026/06/09 22:07:52.845, 1, 235.78, 0, 33, 248260
2026/06/09 22:07:52.845, 2, 444.44, 100, 38, 246652
2026/06/09 22:07:52.845, 3, 446.08, 100, 38, 246652
2026/06/09 22:07:53.845, 0, 238.43, 0, 33, 248260
2026/06/09 22:07:53.845, 1, 236.10, 0, 33, 248260
2026/06/09 22:07:53.846, 2, 445.68, 100, 38, 246652
2026/06/09 22:07:53.846, 3, 445.76, 100, 38, 246652
2026/06/09 22:07:54.846, 0, 238.59, 0, 33, 248260
2026/06/09 22:07:54.846, 1, 235.73, 0, 33, 248260
2026/06/09 22:07:54.846, 2, 444.51, 100, 38, 246652
2026/06/09 22:07:54.846, 3, 446.40, 100, 38, 246652
2026/06/09 22:07:55.846, 0, 239.04, 0, 33, 248260
2026/06/09 22:07:55.846, 1, 235.85, 0, 33, 248260
2026/06/09 22:07:55.846, 2, 447.37, 100, 38, 246652
2026/06/09 22:07:55.846, 3, 447.65, 100, 38, 246652
2026/06/09 22:07:56.846, 0, 238.52, 0, 33, 248260
2026/06/09 22:07:56.846, 1, 235.75, 0, 33, 248260
2026/06/09 22:07:56.846, 2, 445.96, 100, 38, 246652
2026/06/09 22:07:56.846, 3, 447.63, 100, 38, 246652
2026/06/09 22:07:57.847, 0, 238.45, 0, 33, 248260
2026/06/09 22:07:57.847, 1, 235.63, 0, 33, 248260
2026/06/09 22:07:57.847, 2, 447.05, 100, 38, 246652
2026/06/09 22:07:57.847, 3, 446.61, 100, 38, 246652
2026/06/09 22:07:58.847, 0, 277.33, 0, 33, 248260
2026/06/09 22:07:58.847, 1, 278.31, 0, 33, 248260
2026/06/09 22:07:58.847, 2, 446.58, 100, 38, 246652
2026/06/09 22:07:58.847, 3, 446.18, 100, 38, 246652
2026/06/09 22:07:59.847, 0, 239.05, 0, 33, 248260
2026/06/09 22:07:59.847, 1, 236.60, 0, 33, 248260
2026/06/09 22:07:59.847, 2, 447.85, 100, 38, 246652
2026/06/09 22:07:59.847, 3, 448.38, 100, 38, 246652
2026/06/09 22:08:00.847, 0, 238.98, 0, 33, 248260
2026/06/09 22:08:00.847, 1, 235.56, 0, 33, 248260
2026/06/09 22:08:00.848, 2, 446.26, 100, 38, 246652
2026/06/09 22:08:00.848, 3, 443.96, 100, 38, 246652
2026/06/09 22:08:01.848, 0, 263.62, 0, 33, 248260
2026/06/09 22:08:01.848, 1, 256.84, 0, 33, 248260
2026/06/09 22:08:01.848, 2, 446.04, 100, 38, 246652
2026/06/09 22:08:01.848, 3, 446.38, 100, 38, 246652
2026/06/09 22:08:02.848, 0, 238.52, 0, 33, 248260
2026/06/09 22:08:02.848, 1, 235.50, 0, 33, 248260
2026/06/09 22:08:02.848, 2, 446.01, 100, 38, 246652
2026/06/09 22:08:02.848, 3, 449.14, 100, 38, 246652
2026/06/09 22:08:03.848, 0, 238.98, 0, 33, 248260
2026/06/09 22:08:03.848, 1, 236.44, 0, 33, 248260
2026/06/09 22:08:03.848, 2, 446.82, 100, 38, 246652
2026/06/09 22:08:03.848, 3, 446.84, 100, 38, 246652
2026/06/09 22:08:04.848, 0, 239.04, 0, 33, 248260
2026/06/09 22:08:04.849, 1, 235.26, 0, 33, 248260
2026/06/09 22:08:04.849, 2, 445.86, 100, 38, 246652
2026/06/09 22:08:04.849, 3, 447.46, 100, 38, 246652
2026/06/09 22:08:05.849, 0, 239.21, 0, 33, 248260
2026/06/09 22:08:05.849, 1, 236.00, 0, 33, 248260
2026/06/09 22:08:05.849, 2, 446.47, 100, 38, 246652
2026/06/09 22:08:05.849, 3, 446.91, 100, 38, 246652
2026/06/09 22:08:06.849, 0, 238.74, 0, 33, 248260
2026/06/09 22:08:06.849, 1, 236.13, 0, 33, 248260
2026/06/09 22:08:06.849, 2, 447.41, 100, 38, 246652
2026/06/09 22:08:06.849, 3, 446.95, 100, 38, 246652
2026/06/09 22:08:07.849, 0, 239.73, 53, 33, 248260
2026/06/09 22:08:07.849, 1, 236.82, 9, 33, 248260
2026/06/09 22:08:07.849, 2, 447.70, 100, 38, 246652
2026/06/09 22:08:07.850, 3, 446.87, 100, 38, 246652
2026/06/09 22:08:08.850, 0, 238.66, 0, 33, 248260
2026/06/09 22:08:08.850, 1, 236.31, 0, 33, 248260
2026/06/09 22:08:08.850, 2, 448.53, 100, 38, 246652
2026/06/09 22:08:08.850, 3, 447.48, 100, 38, 246652
2026/06/09 22:08:09.850, 0, 275.82, 0, 33, 248260
2026/06/09 22:08:09.850, 1, 251.77, 0, 33, 248260
2026/06/09 22:08:09.850, 2, 447.88, 100, 38, 246652
2026/06/09 22:08:09.850, 3, 448.29, 100, 38, 246652
2026/06/09 22:08:10.850, 0, 260.47, 0, 34, 248260
2026/06/09 22:08:10.850, 1, 246.81, 0, 33, 248260
2026/06/09 22:08:10.850, 2, 448.55, 100, 38, 246652
2026/06/09 22:08:10.850, 3, 450.80, 100, 38, 246652
2026/06/09 22:08:11.850, 0, 238.77, 0, 33, 248260
2026/06/09 22:08:11.850, 1, 236.12, 0, 33, 248260
2026/06/09 22:08:11.850, 2, 449.83, 100, 38, 246652
2026/06/09 22:08:11.851, 3, 449.52, 100, 38, 246652
2026/06/09 22:08:12.851, 0, 239.05, 0, 33, 248260
2026/06/09 22:08:12.851, 1, 235.99, 0, 33, 248260
2026/06/09 22:08:12.851, 2, 448.55, 100, 38, 246652
2026/06/09 22:08:12.851, 3, 450.13, 100, 38, 246652
2026/06/09 22:08:13.851, 0, 238.98, 0, 33, 248260
2026/06/09 22:08:13.851, 1, 235.21, 0, 33, 248260
2026/06/09 22:08:13.851, 2, 449.22, 100, 38, 246652
2026/06/09 22:08:13.851, 3, 449.33, 100, 38, 246652
2026/06/09 22:08:14.851, 0, 257.38, 0, 33, 248260
2026/06/09 22:08:14.851, 1, 254.03, 0, 33, 248260
2026/06/09 22:08:14.851, 2, 447.33, 100, 38, 246652
2026/06/09 22:08:14.851, 3, 447.33, 100, 38, 246652
2026/06/09 22:08:15.851, 0, 238.52, 0, 33, 248260
2026/06/09 22:08:15.852, 1, 236.00, 0, 33, 248260
2026/06/09 22:08:15.852, 2, 448.42, 100, 38, 246652
2026/06/09 22:08:15.852, 3, 449.38, 100, 38, 246652
2026/06/09 22:08:16.852, 0, 238.38, 0, 33, 248260
2026/06/09 22:08:16.852, 1, 235.65, 0, 33, 248260
2026/06/09 22:08:16.852, 2, 446.79, 100, 38, 246652
2026/06/09 22:08:16.852, 3, 446.27, 100, 38, 246652
2026/06/09 22:08:17.852, 0, 238.96, 0, 33, 248260
2026/06/09 22:08:17.852, 1, 235.72, 0, 33, 248260
2026/06/09 22:08:17.852, 2, 447.15, 100, 38, 246652
2026/06/09 22:08:17.852, 3, 446.98, 100, 38, 246652
2026/06/09 22:08:18.852, 0, 239.14, 0, 33, 248260
2026/06/09 22:08:18.852, 1, 235.93, 0, 33, 248260
2026/06/09 22:08:18.852, 2, 448.93, 100, 38, 246652
2026/06/09 22:08:18.852, 3, 446.85, 100, 38, 246652
2026/06/09 22:08:19.852, 0, 239.20, 0, 33, 248260
2026/06/09 22:08:19.853, 1, 235.82, 0, 33, 248260
2026/06/09 22:08:19.853, 2, 448.64, 100, 38, 246652
2026/06/09 22:08:19.853, 3, 448.20, 100, 38, 246652
2026/06/09 22:08:20.853, 0, 238.91, 0, 33, 248260
2026/06/09 22:08:20.853, 1, 236.05, 0, 33, 248260
2026/06/09 22:08:20.853, 2, 448.57, 100, 38, 246652
2026/06/09 22:08:20.853, 3, 449.20, 100, 39, 246652
2026/06/09 22:08:21.853, 0, 253.69, 0, 33, 248260
2026/06/09 22:08:21.853, 1, 238.48, 0, 33, 248260
2026/06/09 22:08:21.853, 2, 451.57, 100, 38, 246652
2026/06/09 22:08:21.853, 3, 449.08, 100, 39, 246652
2026/06/09 22:08:22.853, 0, 268.69, 0, 34, 248260
2026/06/09 22:08:22.853, 1, 251.70, 0, 34, 248260
2026/06/09 22:08:22.853, 2, 450.27, 100, 39, 246652
2026/06/09 22:08:22.853, 3, 450.63, 100, 39, 246652
2026/06/09 22:08:23.854, 0, 261.52, 0, 34, 248260
2026/06/09 22:08:23.854, 1, 245.57, 0, 34, 248260
2026/06/09 22:08:23.854, 2, 448.32, 100, 39, 246652
2026/06/09 22:08:23.854, 3, 449.92, 100, 39, 246652
2026/06/09 22:08:24.854, 0, 238.91, 0, 34, 248260
2026/06/09 22:08:24.854, 1, 236.20, 0, 34, 248260
2026/06/09 22:08:24.854, 2, 450.90, 100, 39, 246652
2026/06/09 22:08:24.854, 3, 450.80, 100, 39, 246652
2026/06/09 22:08:25.854, 0, 239.37, 0, 34, 248260
2026/06/09 22:08:25.854, 1, 236.10, 0, 34, 248260
2026/06/09 22:08:25.854, 2, 451.51, 100, 39, 246652
2026/06/09 22:08:25.854, 3, 450.51, 100, 39, 246652
2026/06/09 22:08:26.854, 0, 239.31, 0, 34, 248260
2026/06/09 22:08:26.855, 1, 236.78, 0, 34, 248260
2026/06/09 22:08:26.855, 2, 452.22, 100, 39, 246652
2026/06/09 22:08:26.855, 3, 451.02, 100, 39, 246652
2026/06/09 22:08:27.855, 0, 240.12, 0, 34, 248260
2026/06/09 22:08:27.855, 1, 236.85, 0, 34, 248260
2026/06/09 22:08:27.855, 2, 451.95, 100, 39, 246652
2026/06/09 22:08:27.855, 3, 451.03, 100, 39, 246652
2026/06/09 22:08:28.855, 0, 262.07, 0, 34, 248260
2026/06/09 22:08:28.855, 1, 259.43, 0, 34, 248260
2026/06/09 22:08:28.855, 2, 451.41, 100, 39, 246652
2026/06/09 22:08:28.855, 3, 451.72, 100, 39, 246652
2026/06/09 22:08:29.855, 0, 239.70, 0, 34, 248260
2026/06/09 22:08:29.855, 1, 237.01, 0, 34, 248260
2026/06/09 22:08:29.855, 2, 450.51, 100, 39, 246652
2026/06/09 22:08:29.855, 3, 449.81, 100, 39, 246652
2026/06/09 22:08:30.855, 0, 256.94, 0, 35, 248260
2026/06/09 22:08:30.855, 1, 255.02, 0, 34, 248260
2026/06/09 22:08:30.856, 2, 449.28, 100, 39, 246652
2026/06/09 22:08:30.856, 3, 448.47, 98, 39, 246652
2026/06/09 22:08:31.856, 0, 240.79, 0, 34, 248260
2026/06/09 22:08:31.856, 1, 236.92, 0, 34, 248260
2026/06/09 22:08:31.856, 2, 450.41, 100, 39, 246652
2026/06/09 22:08:31.856, 3, 451.61, 100, 39, 246652
2026/06/09 22:08:32.856, 0, 263.37, 0, 34, 248260
2026/06/09 22:08:32.856, 1, 247.86, 0, 34, 248260
2026/06/09 22:08:32.856, 2, 447.40, 100, 39, 246652
2026/06/09 22:08:32.856, 3, 449.69, 100, 39, 246652
2026/06/09 22:08:33.856, 0, 254.76, 0, 35, 248260
2026/06/09 22:08:33.856, 1, 272.29, 0, 35, 248260
2026/06/09 22:08:33.856, 2, 445.86, 100, 39, 246652
2026/06/09 22:08:33.856, 3, 449.45, 98, 39, 246652
2026/06/09 22:08:34.856, 0, 240.17, 0, 34, 248260
2026/06/09 22:08:34.857, 1, 237.31, 0, 34, 248260
2026/06/09 22:08:34.857, 2, 445.85, 100, 39, 246652
2026/06/09 22:08:34.857, 3, 446.76, 100, 39, 246652
2026/06/09 22:08:35.857, 0, 240.04, 0, 34, 248260
2026/06/09 22:08:35.857, 1, 236.71, 0, 34, 248260
2026/06/09 22:08:35.857, 2, 446.87, 100, 39, 246652
2026/06/09 22:08:35.857, 3, 446.42, 100, 39, 246652
2026/06/09 22:08:36.857, 0, 239.60, 0, 34, 248260
2026/06/09 22:08:36.857, 1, 237.26, 0, 34, 248260
2026/06/09 22:08:36.857, 2, 446.72, 100, 39, 246652
2026/06/09 22:08:36.857, 3, 448.37, 100, 39, 246652
2026/06/09 22:08:37.857, 0, 239.00, 0, 34, 248260
2026/06/09 22:08:37.857, 1, 236.79, 0, 34, 248260
2026/06/09 22:08:37.857, 2, 444.60, 100, 39, 246652
2026/06/09 22:08:37.857, 3, 447.43, 100, 39, 246652
2026/06/09 22:08:38.857, 0, 261.63, 40, 34, 248260
2026/06/09 22:08:38.858, 1, 246.91, 20, 34, 248260
2026/06/09 22:08:38.858, 2, 446.13, 98, 39, 246652
2026/06/09 22:08:38.858, 3, 445.24, 100, 39, 246652
2026/06/09 22:08:39.858, 0, 239.58, 0, 34, 248260
2026/06/09 22:08:39.858, 1, 236.60, 0, 34, 248260
2026/06/09 22:08:39.858, 2, 443.73, 100, 39, 246652
2026/06/09 22:08:39.858, 3, 444.70, 100, 39, 246652
2026/06/09 22:08:40.858, 0, 269.36, 0, 34, 248260
2026/06/09 22:08:40.858, 1, 250.14, 0, 34, 248260
2026/06/09 22:08:40.858, 2, 442.24, 100, 38, 246652
2026/06/09 22:08:40.858, 3, 443.33, 100, 39, 246652
2026/06/09 22:08:41.858, 0, 238.69, 0, 33, 248260
2026/06/09 22:08:41.858, 1, 236.62, 0, 33, 248260
2026/06/09 22:08:41.858, 2, 444.71, 100, 38, 246652
2026/06/09 22:08:41.858, 3, 443.49, 100, 39, 246652
2026/06/09 22:08:42.859, 0, 238.53, 0, 33, 248260
2026/06/09 22:08:42.859, 1, 235.63, 0, 33, 248260
2026/06/09 22:08:42.859, 2, 442.36, 100, 38, 246652
2026/06/09 22:08:42.859, 3, 443.65, 100, 38, 246652
2026/06/09 22:08:43.859, 0, 239.24, 0, 33, 248260
2026/06/09 22:08:43.859, 1, 236.35, 0, 33, 248260
2026/06/09 22:08:43.859, 2, 445.16, 100, 38, 246652
2026/06/09 22:08:43.859, 3, 442.40, 100, 38, 246652
2026/06/09 22:08:44.859, 0, 238.67, 0, 33, 248260
2026/06/09 22:08:44.860, 1, 235.93, 0, 33, 248260
2026/06/09 22:08:44.860, 2, 445.91, 100, 38, 246652
2026/06/09 22:08:44.860, 3, 443.91, 100, 38, 246652
2026/06/09 22:08:45.860, 0, 238.30, 0, 33, 248260
2026/06/09 22:08:45.860, 1, 236.41, 0, 33, 248260
2026/06/09 22:08:45.860, 2, 446.19, 100, 38, 246652
2026/06/09 22:08:45.860, 3, 445.00, 100, 38, 246652
2026/06/09 22:08:46.860, 0, 238.45, 0, 33, 248260
2026/06/09 22:08:46.860, 1, 235.30, 0, 33, 248260
2026/06/09 22:08:46.860, 2, 445.99, 100, 38, 246652
2026/06/09 22:08:46.860, 3, 445.02, 100, 38, 246652
2026/06/09 22:08:47.860, 0, 258.27, 0, 33, 248260
2026/06/09 22:08:47.860, 1, 254.63, 0, 33, 248260
2026/06/09 22:08:47.860, 2, 445.17, 100, 38, 246652
2026/06/09 22:08:47.860, 3, 447.16, 98, 38, 246652
2026/06/09 22:08:48.861, 0, 238.75, 0, 33, 248260
2026/06/09 22:08:48.861, 1, 235.94, 0, 33, 248260
2026/06/09 22:08:48.861, 2, 443.83, 100, 38, 246652
2026/06/09 22:08:48.861, 3, 448.00, 100, 38, 246652
2026/06/09 22:08:49.861, 0, 238.77, 0, 33, 248260
2026/06/09 22:08:49.861, 1, 235.96, 0, 33, 248260
2026/06/09 22:08:49.861, 2, 445.48, 100, 38, 246652
2026/06/09 22:08:49.861, 3, 447.55, 100, 38, 246652
2026/06/09 22:08:50.861, 0, 238.68, 0, 33, 248260
2026/06/09 22:08:50.861, 1, 236.07, 0, 33, 248260
2026/06/09 22:08:50.861, 2, 445.81, 100, 38, 246652
2026/06/09 22:08:50.861, 3, 448.83, 100, 38, 246652
2026/06/09 22:08:51.861, 0, 238.61, 0, 33, 248260
2026/06/09 22:08:51.861, 1, 235.93, 0, 33, 248260
2026/06/09 22:08:51.861, 2, 444.57, 100, 38, 246652
2026/06/09 22:08:51.861, 3, 447.75, 100, 38, 246652
2026/06/09 22:08:52.862, 0, 238.53, 0, 33, 248260
2026/06/09 22:08:52.862, 1, 235.85, 0, 33, 248260
2026/06/09 22:08:52.862, 2, 445.37, 100, 38, 246652
2026/06/09 22:08:52.862, 3, 446.98, 100, 38, 246652
2026/06/09 22:08:53.862, 0, 239.01, 0, 33, 248260
2026/06/09 22:08:53.862, 1, 235.67, 0, 33, 248260
2026/06/09 22:08:53.862, 2, 446.71, 100, 38, 246652
2026/06/09 22:08:53.862, 3, 447.41, 100, 38, 246652
2026/06/09 22:08:54.862, 0, 238.62, 0, 33, 248260
2026/06/09 22:08:54.862, 1, 236.18, 0, 33, 248260
2026/06/09 22:08:54.862, 2, 445.81, 100, 38, 246652
2026/06/09 22:08:54.862, 3, 446.98, 100, 38, 246652
2026/06/09 22:08:55.862, 0, 238.39, 0, 33, 248260
2026/06/09 22:08:55.863, 1, 235.23, 0, 33, 248260
2026/06/09 22:08:55.863, 2, 444.43, 100, 38, 246652
2026/06/09 22:08:55.863, 3, 444.17, 100, 38, 246652
2026/06/09 22:08:56.863, 0, 262.56, 0, 33, 248260
2026/06/09 22:08:56.863, 1, 246.21, 0, 33, 248260
2026/06/09 22:08:56.864, 2, 443.89, 100, 38, 246652
2026/06/09 22:08:56.864, 3, 445.55, 100, 38, 246652
2026/06/09 22:08:57.864, 0, 243.48, 0, 33, 248260
2026/06/09 22:08:57.864, 1, 266.93, 0, 33, 248260
2026/06/09 22:08:57.864, 2, 444.26, 100, 38, 246652
2026/06/09 22:08:57.864, 3, 444.87, 100, 38, 246652
2026/06/09 22:08:58.864, 0, 249.58, 0, 33, 248260
2026/06/09 22:08:58.864, 1, 246.09, 0, 33, 248260
2026/06/09 22:08:58.864, 2, 443.40, 100, 38, 246652
2026/06/09 22:08:58.864, 3, 443.33, 100, 38, 246652
2026/06/09 22:08:59.864, 0, 238.84, 0, 33, 248260
2026/06/09 22:08:59.864, 1, 235.90, 0, 33, 248260
2026/06/09 22:08:59.864, 2, 443.00, 100, 38, 246652
2026/06/09 22:08:59.864, 3, 441.03, 100, 38, 246652
2026/06/09 22:09:00.864, 0, 238.22, 0, 33, 248260
2026/06/09 22:09:00.865, 1, 235.22, 0, 33, 248260
2026/06/09 22:09:00.865, 2, 443.89, 100, 38, 246652
2026/06/09 22:09:00.865, 3, 444.11, 100, 38, 246652
2026/06/09 22:09:01.865, 0, 259.56, 0, 33, 248260
2026/06/09 22:09:01.865, 1, 257.93, 0, 33, 248260
2026/06/09 22:09:01.865, 2, 444.02, 100, 38, 246652
2026/06/09 22:09:01.865, 3, 444.61, 100, 38, 246652
2026/06/09 22:09:02.865, 0, 260.62, 38, 35, 248260
2026/06/09 22:09:02.865, 1, 246.81, 5, 34, 248260
2026/06/09 22:09:02.865, 2, 444.55, 100, 38, 246652
2026/06/09 22:09:02.865, 3, 445.07, 100, 38, 246652
2026/06/09 22:09:03.865, 0, 240.37, 0, 33, 248260
2026/06/09 22:09:03.865, 1, 235.58, 0, 33, 248260
2026/06/09 22:09:03.865, 2, 443.51, 100, 38, 246652
2026/06/09 22:09:03.865, 3, 445.23, 100, 38, 246652
2026/06/09 22:09:04.865, 0, 238.74, 0, 33, 248260
2026/06/09 22:09:04.866, 1, 236.47, 0, 33, 248260
2026/06/09 22:09:04.866, 2, 442.51, 100, 38, 246652
2026/06/09 22:09:04.866, 3, 444.17, 100, 38, 246652
2026/06/09 22:09:05.866, 0, 238.76, 0, 33, 248260
2026/06/09 22:09:05.866, 1, 236.00, 0, 33, 248260
2026/06/09 22:09:05.866, 2, 442.89, 100, 38, 246652
2026/06/09 22:09:05.866, 3, 442.47, 100, 38, 246652
2026/06/09 22:09:06.866, 0, 255.84, 0, 34, 248260
2026/06/09 22:09:06.866, 1, 252.79, 0, 33, 248260
2026/06/09 22:09:06.866, 2, 443.36, 100, 38, 246652
2026/06/09 22:09:06.866, 3, 443.36, 100, 38, 246652
2026/06/09 22:09:07.866, 0, 245.47, 6, 33, 248260
2026/06/09 22:09:07.866, 1, 249.06, 29, 33, 248260
2026/06/09 22:09:07.866, 2, 443.98, 100, 38, 246652
2026/06/09 22:09:07.867, 3, 445.50, 100, 38, 246652
2026/06/09 22:09:08.867, 0, 248.90, 0, 33, 248260
2026/06/09 22:09:08.867, 1, 239.16, 0, 33, 248260
2026/06/09 22:09:08.867, 2, 444.09, 100, 38, 246652
2026/06/09 22:09:08.867, 3, 443.96, 100, 38, 246652
2026/06/09 22:09:09.867, 0, 238.59, 0, 33, 248260
2026/06/09 22:09:09.867, 1, 235.58, 0, 33, 248260
2026/06/09 22:09:09.867, 2, 443.45, 100, 38, 246652
2026/06/09 22:09:09.867, 3, 446.36, 100, 38, 246652
2026/06/09 22:09:10.867, 0, 238.92, 0, 33, 248260
2026/06/09 22:09:10.867, 1, 236.10, 0, 33, 248260
2026/06/09 22:09:10.867, 2, 442.15, 100, 38, 246652
2026/06/09 22:09:10.867, 3, 444.08, 100, 38, 246652
2026/06/09 22:09:11.867, 0, 238.69, 0, 33, 248260
2026/06/09 22:09:11.868, 1, 235.99, 0, 33, 248260
2026/06/09 22:09:11.868, 2, 442.69, 100, 38, 246652
2026/06/09 22:09:11.868, 3, 444.42, 100, 38, 246652
2026/06/09 22:09:12.868, 0, 238.30, 0, 33, 248260
2026/06/09 22:09:12.868, 1, 235.87, 0, 33, 248260
2026/06/09 22:09:12.868, 2, 441.53, 100, 38, 246652
2026/06/09 22:09:12.868, 3, 446.75, 100, 38, 246652
2026/06/09 22:09:13.868, 0, 238.61, 0, 33, 248260
2026/06/09 22:09:13.868, 1, 236.12, 0, 33, 248260
2026/06/09 22:09:13.868, 2, 443.83, 100, 38, 246652
2026/06/09 22:09:13.868, 3, 444.57, 100, 38, 246652
2026/06/09 22:09:14.868, 0, 238.45, 0, 33, 248260
2026/06/09 22:09:14.868, 1, 235.79, 0, 33, 248260
2026/06/09 22:09:14.868, 2, 444.40, 100, 38, 246652
2026/06/09 22:09:14.868, 3, 445.41, 100, 38, 246652
2026/06/09 22:09:15.868, 0, 239.29, 0, 33, 248260
2026/06/09 22:09:15.869, 1, 235.61, 0, 33, 248260
2026/06/09 22:09:15.869, 2, 444.75, 100, 38, 246652
2026/06/09 22:09:15.869, 3, 445.35, 100, 38, 246652
2026/06/09 22:09:16.869, 0, 238.68, 0, 33, 248260
2026/06/09 22:09:16.869, 1, 236.13, 0, 33, 248260
2026/06/09 22:09:16.869, 2, 445.34, 100, 38, 246652
2026/06/09 22:09:16.869, 3, 445.98, 100, 39, 246652
2026/06/09 22:09:17.869, 0, 238.98, 0, 33, 248260
2026/06/09 22:09:17.869, 1, 235.96, 0, 33, 248260
2026/06/09 22:09:17.869, 2, 442.97, 100, 38, 246652
2026/06/09 22:09:17.869, 3, 446.64, 100, 39, 246652
2026/06/09 22:09:18.869, 0, 238.75, 0, 33, 248260
2026/06/09 22:09:18.869, 1, 236.06, 0, 33, 248260
2026/06/09 22:09:18.869, 2, 446.49, 100, 38, 246652
2026/06/09 22:09:18.869, 3, 448.85, 100, 39, 246652
2026/06/09 22:09:19.870, 0, 239.04, 0, 34, 248260
2026/06/09 22:09:19.870, 1, 236.32, 0, 33, 248260
2026/06/09 22:09:19.870, 2, 445.34, 100, 38, 246652
2026/06/09 22:09:19.870, 3, 447.99, 100, 39, 246652
2026/06/09 22:09:20.870, 0, 238.75, 0, 34, 248260
2026/06/09 22:09:20.870, 1, 236.17, 0, 33, 248260
2026/06/09 22:09:20.870, 2, 444.60, 100, 38, 246652
2026/06/09 22:09:20.870, 3, 446.94, 100, 39, 246652
2026/06/09 22:09:21.870, 0, 239.08, 0, 34, 248260
2026/06/09 22:09:21.870, 1, 235.71, 0, 34, 248260
2026/06/09 22:09:21.870, 2, 446.00, 100, 39, 246652
2026/06/09 22:09:21.870, 3, 445.40, 100, 39, 246652
2026/06/09 22:09:22.870, 0, 238.83, 0, 34, 248260
2026/06/09 22:09:22.871, 1, 236.51, 0, 34, 248260
2026/06/09 22:09:22.871, 2, 444.58, 100, 38, 246652
2026/06/09 22:09:22.871, 3, 445.88, 100, 39, 246652
2026/06/09 22:09:23.871, 0, 239.20, 0, 34, 248260
2026/06/09 22:09:23.871, 1, 236.19, 0, 34, 248260
2026/06/09 22:09:23.871, 2, 446.01, 100, 38, 246652
2026/06/09 22:09:23.871, 3, 448.54, 100, 39, 246652
2026/06/09 22:09:24.871, 0, 238.76, 0, 34, 248260
2026/06/09 22:09:24.871, 1, 236.10, 0, 34, 248260
2026/06/09 22:09:24.871, 2, 445.42, 100, 39, 246652
2026/06/09 22:09:24.871, 3, 448.04, 100, 39, 246652
2026/06/09 22:09:25.871, 0, 238.73, 0, 34, 248260
2026/06/09 22:09:25.871, 1, 236.51, 0, 34, 248260
2026/06/09 22:09:25.871, 2, 447.08, 100, 39, 246652
2026/06/09 22:09:25.872, 3, 448.42, 100, 39, 246652
2026/06/09 22:09:26.872, 0, 239.36, 0, 34, 248260
2026/06/09 22:09:26.872, 1, 236.45, 0, 34, 248260
2026/06/09 22:09:26.872, 2, 446.79, 100, 39, 246652
2026/06/09 22:09:26.872, 3, 448.16, 100, 39, 246652
2026/06/09 22:09:27.872, 0, 239.05, 0, 34, 248260
2026/06/09 22:09:27.872, 1, 236.05, 0, 34, 248260
2026/06/09 22:09:27.872, 2, 447.09, 100, 39, 246652
2026/06/09 22:09:27.872, 3, 448.32, 100, 39, 246652
2026/06/09 22:09:28.872, 0, 238.83, 0, 34, 248260
2026/06/09 22:09:28.872, 1, 235.79, 0, 34, 248260
2026/06/09 22:09:28.872, 2, 448.34, 100, 39, 246652
2026/06/09 22:09:28.872, 3, 449.89, 100, 39, 246652
2026/06/09 22:09:29.873, 0, 239.23, 0, 34, 248260
2026/06/09 22:09:29.873, 1, 236.60, 0, 34, 248260
2026/06/09 22:09:29.873, 2, 449.89, 100, 39, 246652
2026/06/09 22:09:29.873, 3, 451.20, 100, 39, 246652
2026/06/09 22:09:30.873, 0, 257.28, 0, 34, 248260
2026/06/09 22:09:30.873, 1, 256.46, 0, 34, 248260
2026/06/09 22:09:30.873, 2, 447.95, 100, 39, 246652
2026/06/09 22:09:30.873, 3, 450.76, 100, 39, 246652
2026/06/09 22:09:31.873, 0, 239.20, 0, 34, 248260
2026/06/09 22:09:31.873, 1, 236.82, 0, 34, 248260
2026/06/09 22:09:31.873, 2, 447.85, 100, 39, 246652
2026/06/09 22:09:31.873, 3, 448.14, 100, 39, 246652
2026/06/09 22:09:32.873, 0, 259.60, 4, 34, 248260
2026/06/09 22:09:32.873, 1, 245.72, 0, 34, 248260
2026/06/09 22:09:32.874, 2, 447.94, 100, 39, 246652
2026/06/09 22:09:32.874, 3, 447.68, 100, 39, 246652
2026/06/09 22:09:33.874, 0, 265.02, 0, 34, 248260
2026/06/09 22:09:33.874, 1, 262.96, 0, 34, 248260
2026/06/09 22:09:33.874, 2, 445.29, 100, 39, 246652
2026/06/09 22:09:33.874, 3, 448.91, 100, 39, 246652
2026/06/09 22:09:34.874, 0, 262.17, 0, 34, 248260
2026/06/09 22:09:34.874, 1, 246.26, 0, 34, 248260
2026/06/09 22:09:34.874, 2, 447.82, 100, 39, 246652
2026/06/09 22:09:34.874, 3, 449.68, 100, 39, 246652
2026/06/09 22:09:35.874, 0, 239.28, 0, 34, 248260
2026/06/09 22:09:35.874, 1, 236.55, 0, 34, 248260
2026/06/09 22:09:35.874, 2, 450.02, 100, 39, 246652
2026/06/09 22:09:35.874, 3, 451.27, 100, 39, 246652
2026/06/09 22:09:36.875, 0, 262.08, 0, 34, 248260
2026/06/09 22:09:36.875, 1, 248.38, 0, 34, 248260
2026/06/09 22:09:36.875, 2, 446.42, 100, 39, 246652
2026/06/09 22:09:36.875, 3, 450.65, 100, 39, 246652
2026/06/09 22:09:37.875, 0, 298.77, 0, 35, 248262
2026/06/09 22:09:37.875, 1, 292.33, 40, 37, 248262
2026/06/09 22:09:37.875, 2, 443.88, 98, 39, 246652
2026/06/09 22:09:37.875, 3, 449.32, 100, 39, 246652
2026/06/09 22:09:38.875, 0, 272.20, 0, 35, 248262
2026/06/09 22:09:38.875, 1, 250.07, 17, 34, 248262
2026/06/09 22:09:38.875, 2, 443.29, 98, 39, 246652
2026/06/09 22:09:38.875, 3, 443.76, 100, 39, 246652
2026/06/09 22:09:39.875, 0, 262.14, 42, 35, 248262
2026/06/09 22:09:39.876, 1, 246.23, 3, 34, 248262
2026/06/09 22:09:39.876, 2, 443.99, 100, 39, 246652
2026/06/09 22:09:39.876, 3, 446.16, 100, 39, 246652
2026/06/09 22:09:40.876, 0, 240.27, 0, 34, 248262
2026/06/09 22:09:40.876, 1, 237.66, 0, 34, 248262
2026/06/09 22:09:40.876, 2, 444.95, 100, 39, 246652
2026/06/09 22:09:40.876, 3, 445.82, 100, 39, 246652
2026/06/09 22:09:41.876, 0, 239.62, 0, 34, 248262
2026/06/09 22:09:41.876, 1, 236.08, 0, 34, 248262
2026/06/09 22:09:41.876, 2, 443.90, 100, 39, 246652
2026/06/09 22:09:41.876, 3, 445.64, 100, 39, 246652
2026/06/09 22:09:42.876, 0, 239.65, 0, 34, 248262
2026/06/09 22:09:42.877, 1, 236.00, 0, 34, 248262
2026/06/09 22:09:42.877, 2, 442.17, 100, 39, 246652
2026/06/09 22:09:42.877, 3, 446.13, 100, 39, 246652
2026/06/09 22:09:43.877, 0, 251.46, 0, 34, 248262
2026/06/09 22:09:43.877, 1, 263.82, 0, 34, 248262
2026/06/09 22:09:43.877, 2, 443.53, 100, 39, 246652
2026/06/09 22:09:43.877, 3, 446.10, 100, 39, 246652
2026/06/09 22:09:44.877, 0, 250.01, 0, 34, 248262
2026/06/09 22:09:44.877, 1, 256.30, 0, 34, 248262
2026/06/09 22:09:44.877, 2, 443.01, 100, 39, 246652
2026/06/09 22:09:44.877, 3, 444.12, 100, 39, 246652
2026/06/09 22:09:45.877, 0, 239.20, 0, 34, 248262
2026/06/09 22:09:45.877, 1, 236.61, 0, 34, 248262
2026/06/09 22:09:45.877, 2, 440.69, 100, 39, 246652
2026/06/09 22:09:45.878, 3, 445.17, 100, 39, 246652
2026/06/09 22:09:46.878, 0, 254.99, 0, 34, 248262
2026/06/09 22:09:46.878, 1, 251.02, 0, 34, 248262
2026/06/09 22:09:46.878, 2, 443.36, 100, 39, 246652
2026/06/09 22:09:46.878, 3, 445.94, 100, 39, 246652
2026/06/09 22:09:47.878, 0, 261.86, 0, 34, 248262
2026/06/09 22:09:47.878, 1, 246.65, 0, 34, 248262
2026/06/09 22:09:47.878, 2, 443.78, 100, 39, 246652
2026/06/09 22:09:47.878, 3, 444.97, 98, 39, 246652
2026/06/09 22:09:48.878, 0, 250.05, 0, 34, 248262
2026/06/09 22:09:48.878, 1, 252.96, 38, 35, 248262
2026/06/09 22:09:48.878, 2, 443.29, 97, 39, 246652
2026/06/09 22:09:48.878, 3, 447.75, 100, 39, 246652
2026/06/09 22:09:49.878, 0, 239.53, 0, 34, 248262
2026/06/09 22:09:49.879, 1, 236.67, 0, 34, 248262
2026/06/09 22:09:49.879, 2, 444.24, 100, 39, 246652
2026/06/09 22:09:49.879, 3, 446.86, 100, 39, 246652
2026/06/09 22:09:50.879, 0, 255.70, 0, 34, 248262
2026/06/09 22:09:50.879, 1, 273.16, 0, 34, 248262
2026/06/09 22:09:50.879, 2, 443.03, 100, 39, 246652
2026/06/09 22:09:50.879, 3, 443.82, 100, 39, 246652
2026/06/09 22:09:51.879, 0, 272.61, 0, 35, 248262
2026/06/09 22:09:51.879, 1, 250.27, 30, 35, 248262
2026/06/09 22:09:51.879, 2, 442.59, 98, 39, 246652
2026/06/09 22:09:51.879, 3, 444.74, 100, 39, 246652
2026/06/09 22:09:52.879, 0, 240.20, 0, 34, 248262
2026/06/09 22:09:52.879, 1, 237.20, 0, 34, 248262
2026/06/09 22:09:52.879, 2, 447.40, 100, 39, 246652
2026/06/09 22:09:52.879, 3, 447.51, 100, 39, 246652
2026/06/09 22:09:53.880, 0, 251.16, 6, 34, 248262
2026/06/09 22:09:53.880, 1, 262.45, 35, 36, 248262
2026/06/09 22:09:53.880, 2, 444.95, 100, 39, 246652
2026/06/09 22:09:53.880, 3, 447.62, 100, 39, 246652
2026/06/09 22:09:54.880, 0, 239.36, 0, 34, 248262
2026/06/09 22:09:54.880, 1, 238.66, 0, 34, 248262
2026/06/09 22:09:54.880, 2, 444.44, 100, 39, 246652
2026/06/09 22:09:54.880, 3, 446.51, 100, 39, 246652
2026/06/09 22:09:55.880, 0, 239.07, 0, 34, 248262
2026/06/09 22:09:55.880, 1, 237.00, 0, 34, 248262
2026/06/09 22:09:55.880, 2, 444.84, 100, 39, 246652
2026/06/09 22:09:55.880, 3, 446.11, 100, 39, 246652
2026/06/09 22:09:56.880, 0, 262.35, 0, 34, 248262
2026/06/09 22:09:56.880, 1, 246.29, 0, 34, 248262
2026/06/09 22:09:56.880, 2, 441.98, 100, 39, 246652
2026/06/09 22:09:56.881, 3, 444.46, 100, 39, 246652
2026/06/09 22:09:57.881, 0, 253.81, 0, 34, 248262
2026/06/09 22:09:57.881, 1, 255.68, 0, 34, 248262
2026/06/09 22:09:57.881, 2, 442.60, 100, 39, 246652
2026/06/09 22:09:57.881, 3, 444.52, 100, 39, 246652
2026/06/09 22:09:58.881, 0, 239.37, 0, 34, 248262
2026/06/09 22:09:58.881, 1, 236.85, 0, 34, 248262
2026/06/09 22:09:58.881, 2, 441.86, 100, 39, 246652
2026/06/09 22:09:58.881, 3, 442.23, 100, 39, 246652
2026/06/09 22:09:59.881, 0, 239.45, 0, 34, 248262
2026/06/09 22:09:59.881, 1, 236.54, 0, 34, 248262
2026/06/09 22:09:59.881, 2, 438.42, 100, 39, 246652
2026/06/09 22:09:59.881, 3, 441.12, 100, 39, 246652
2026/06/09 22:10:00.881, 0, 239.05, 0, 34, 248262
2026/06/09 22:10:00.882, 1, 236.60, 0, 34, 248262
2026/06/09 22:10:00.882, 2, 440.30, 100, 39, 246652
2026/06/09 22:10:00.882, 3, 438.98, 100, 39, 246652
2026/06/09 22:10:01.882, 0, 239.23, 0, 34, 248262
2026/06/09 22:10:01.882, 1, 236.31, 0, 34, 248262
2026/06/09 22:10:01.882, 2, 441.23, 100, 39, 246652
2026/06/09 22:10:01.882, 3, 440.53, 100, 39, 246652
2026/06/09 22:10:02.882, 0, 238.97, 0, 34, 248262
2026/06/09 22:10:02.882, 1, 235.98, 0, 34, 248262
2026/06/09 22:10:02.882, 2, 442.78, 100, 39, 246652
2026/06/09 22:10:02.882, 3, 443.64, 100, 39, 246652
2026/06/09 22:10:03.882, 0, 239.13, 0, 34, 248262
2026/06/09 22:10:03.882, 1, 236.51, 0, 34, 248262
2026/06/09 22:10:03.882, 2, 442.62, 100, 39, 246652
2026/06/09 22:10:03.882, 3, 444.25, 100, 39, 246652
2026/06/09 22:10:04.883, 0, 239.69, 0, 34, 248262
2026/06/09 22:10:04.883, 1, 236.60, 0, 34, 248262
2026/06/09 22:10:04.883, 2, 443.88, 100, 39, 246652
2026/06/09 22:10:04.883, 3, 445.90, 100, 39, 246652
2026/06/09 22:10:05.883, 0, 239.08, 0, 34, 248262
2026/06/09 22:10:05.883, 1, 235.87, 0, 34, 248262
2026/06/09 22:10:05.883, 2, 446.05, 100, 39, 246652
2026/06/09 22:10:05.883, 3, 446.28, 100, 39, 246652
2026/06/09 22:10:06.883, 0, 262.35, 9, 34, 248262
2026/06/09 22:10:06.883, 1, 258.32, 19, 34, 248262
2026/06/09 22:10:06.883, 2, 444.12, 98, 39, 246652
2026/06/09 22:10:06.883, 3, 445.56, 100, 39, 246652
2026/06/09 22:10:07.883, 0, 240.55, 0, 34, 248262
2026/06/09 22:10:07.883, 1, 238.01, 9, 34, 248262
2026/06/09 22:10:07.883, 2, 442.73, 100, 39, 246652
2026/06/09 22:10:07.883, 3, 445.40, 100, 39, 246652
2026/06/09 22:10:08.884, 0, 239.06, 0, 34, 248262
2026/06/09 22:10:08.884, 1, 236.24, 0, 34, 248262
2026/06/09 22:10:08.884, 2, 441.89, 100, 38, 246652
2026/06/09 22:10:08.884, 3, 440.81, 100, 39, 246652
2026/06/09 22:10:09.884, 0, 250.90, 0, 34, 248262
2026/06/09 22:10:09.884, 1, 263.78, 0, 34, 248262
2026/06/09 22:10:09.884, 2, 444.17, 100, 39, 246652
2026/06/09 22:10:09.884, 3, 442.49, 100, 39, 246652
2026/06/09 22:10:10.884, 0, 238.76, 0, 34, 248262
2026/06/09 22:10:10.884, 1, 237.07, 0, 34, 248262
2026/06/09 22:10:10.884, 2, 444.24, 100, 39, 246652
2026/06/09 22:10:10.884, 3, 445.53, 100, 39, 246652
2026/06/09 22:10:11.884, 0, 262.92, 0, 34, 248262
2026/06/09 22:10:11.885, 1, 249.52, 0, 34, 248262
2026/06/09 22:10:11.885, 2, 443.15, 100, 39, 246652
2026/06/09 22:10:11.885, 3, 446.87, 100, 39, 246652
2026/06/09 22:10:12.885, 0, 239.82, 0, 34, 248262
2026/06/09 22:10:12.885, 1, 236.53, 0, 34, 248262
2026/06/09 22:10:12.885, 2, 445.06, 100, 39, 246652
2026/06/09 22:10:12.885, 3, 447.21, 100, 39, 246652
2026/06/09 22:10:13.885, 0, 238.99, 0, 34, 248262
2026/06/09 22:10:13.885, 1, 236.60, 0, 34, 248262
2026/06/09 22:10:13.885, 2, 444.79, 100, 39, 246652
2026/06/09 22:10:13.885, 3, 446.35, 100, 39, 246652
2026/06/09 22:10:14.885, 0, 239.15, 0, 34, 248262
2026/06/09 22:10:14.885, 1, 236.78, 0, 34, 248262
2026/06/09 22:10:14.885, 2, 445.50, 100, 39, 246652
2026/06/09 22:10:14.885, 3, 446.73, 100, 39, 246652
2026/06/09 22:10:15.885, 0, 239.23, 0, 34, 248262
2026/06/09 22:10:15.886, 1, 236.16, 0, 34, 248262
2026/06/09 22:10:15.886, 2, 445.60, 100, 39, 246652
2026/06/09 22:10:15.886, 3, 445.04, 100, 39, 246652
2026/06/09 22:10:16.886, 0, 238.60, 0, 34, 248262
2026/06/09 22:10:16.886, 1, 236.38, 0, 34, 248262
2026/06/09 22:10:16.886, 2, 445.43, 100, 39, 246652
2026/06/09 22:10:16.886, 3, 447.45, 100, 39, 246652
2026/06/09 22:10:17.886, 0, 239.07, 0, 34, 248262
2026/06/09 22:10:17.886, 1, 236.66, 0, 33, 248262
2026/06/09 22:10:17.886, 2, 446.50, 100, 39, 246652
2026/06/09 22:10:17.886, 3, 446.86, 100, 39, 246652
2026/06/09 22:10:18.886, 0, 238.97, 0, 34, 248262
2026/06/09 22:10:18.886, 1, 236.26, 0, 33, 248262
2026/06/09 22:10:18.886, 2, 445.64, 100, 39, 246652
2026/06/09 22:10:18.887, 3, 448.87, 100, 39, 246652
2026/06/09 22:10:19.887, 0, 238.99, 0, 34, 248262
2026/06/09 22:10:19.887, 1, 235.87, 0, 33, 248262
2026/06/09 22:10:19.887, 2, 444.37, 100, 38, 246652
2026/06/09 22:10:19.887, 3, 447.29, 100, 39, 246652
2026/06/09 22:10:20.887, 0, 256.62, 83, 34, 248262
2026/06/09 22:10:20.887, 1, 248.77, 0, 35, 248262
2026/06/09 22:10:20.887, 2, 444.68, 100, 38, 246652
2026/06/09 22:10:20.887, 3, 445.43, 100, 39, 246652
2026/06/09 22:10:21.887, 0, 239.16, 0, 34, 248262
2026/06/09 22:10:21.887, 1, 246.18, 0, 34, 248262
2026/06/09 22:10:21.887, 2, 446.62, 100, 38, 246652
2026/06/09 22:10:21.887, 3, 443.79, 100, 39, 246652
2026/06/09 22:10:22.887, 0, 238.60, 0, 34, 248262
2026/06/09 22:10:22.887, 1, 236.44, 0, 33, 248262
2026/06/09 22:10:22.888, 2, 445.19, 100, 38, 246652
2026/06/09 22:10:22.888, 3, 444.43, 100, 39, 246652
2026/06/09 22:10:23.888, 0, 238.60, 0, 33, 248262
2026/06/09 22:10:23.888, 1, 236.56, 0, 33, 248262
2026/06/09 22:10:23.888, 2, 446.16, 100, 38, 246652
2026/06/09 22:10:23.888, 3, 446.87, 100, 39, 246652
2026/06/09 22:10:24.888, 0, 249.63, 0, 34, 248262
2026/06/09 22:10:24.888, 1, 258.62, 0, 34, 248262
2026/06/09 22:10:24.888, 2, 444.81, 100, 39, 246652
2026/06/09 22:10:24.888, 3, 446.30, 100, 39, 246652
2026/06/09 22:10:25.888, 0, 239.44, 0, 33, 248262
2026/06/09 22:10:25.888, 1, 236.32, 0, 33, 248262
2026/06/09 22:10:25.888, 2, 445.06, 100, 39, 246652
2026/06/09 22:10:25.888, 3, 443.85, 100, 39, 246652
2026/06/09 22:10:26.888, 0, 250.73, 0, 34, 248262
2026/06/09 22:10:26.888, 1, 261.96, 73, 34, 248262
2026/06/09 22:10:26.888, 2, 442.83, 98, 38, 246652
2026/06/09 22:10:26.888, 3, 445.95, 100, 39, 246652
2026/06/09 22:10:27.889, 0, 239.07, 0, 34, 248262
2026/06/09 22:10:27.889, 1, 236.85, 0, 34, 248262
2026/06/09 22:10:27.889, 2, 446.86, 100, 38, 246652
2026/06/09 22:10:27.889, 3, 444.44, 100, 39, 246652
2026/06/09 22:10:28.889, 0, 238.61, 0, 33, 248262
2026/06/09 22:10:28.889, 1, 236.38, 0, 33, 248262
2026/06/09 22:10:28.889, 2, 447.12, 100, 38, 246652
2026/06/09 22:10:28.889, 3, 446.39, 100, 39, 246652
2026/06/09 22:10:29.889, 0, 238.97, 0, 33, 248262
2026/06/09 22:10:29.889, 1, 236.36, 0, 33, 248262
2026/06/09 22:10:29.889, 2, 446.48, 100, 38, 246652
2026/06/09 22:10:29.889, 3, 447.48, 100, 39, 246652
2026/06/09 22:10:30.889, 0, 239.27, 0, 33, 248262
2026/06/09 22:10:30.889, 1, 235.86, 0, 33, 248262
2026/06/09 22:10:30.889, 2, 446.76, 100, 38, 246652
2026/06/09 22:10:30.890, 3, 446.41, 100, 39, 246652
2026/06/09 22:10:31.890, 0, 238.84, 0, 33, 248262
2026/06/09 22:10:31.890, 1, 236.05, 0, 33, 248262
2026/06/09 22:10:31.890, 2, 447.86, 100, 38, 246652
2026/06/09 22:10:31.890, 3, 446.18, 100, 39, 246652
2026/06/09 22:10:32.890, 0, 238.65, 0, 33, 248262
2026/06/09 22:10:32.890, 1, 235.80, 0, 33, 248262
2026/06/09 22:10:32.890, 2, 445.49, 100, 38, 246652
2026/06/09 22:10:32.890, 3, 446.17, 100, 39, 246652
2026/06/09 22:10:33.890, 0, 238.59, 0, 33, 248262
2026/06/09 22:10:33.890, 1, 235.79, 0, 33, 248262
2026/06/09 22:10:33.890, 2, 446.33, 100, 38, 246652
2026/06/09 22:10:33.890, 3, 448.25, 100, 39, 246652
2026/06/09 22:10:34.890, 0, 238.77, 0, 33, 248262
2026/06/09 22:10:34.890, 1, 236.30, 0, 33, 248262
2026/06/09 22:10:34.890, 2, 447.33, 100, 38, 246652
2026/06/09 22:10:34.891, 3, 447.56, 100, 39, 246652
2026/06/09 22:10:35.891, 0, 238.46, 0, 33, 248262
2026/06/09 22:10:35.891, 1, 235.80, 0, 33, 248262
2026/06/09 22:10:35.891, 2, 448.08, 100, 38, 246652
2026/06/09 22:10:35.891, 3, 447.38, 100, 39, 246652
2026/06/09 22:10:36.891, 0, 238.69, 0, 33, 248262
2026/06/09 22:10:36.891, 1, 235.98, 0, 33, 248262
2026/06/09 22:10:36.891, 2, 446.95, 100, 38, 246652
2026/06/09 22:10:36.891, 3, 446.66, 100, 39, 246652
2026/06/09 22:10:37.891, 0, 239.12, 0, 33, 248262
2026/06/09 22:10:37.891, 1, 236.53, 0, 33, 248262
2026/06/09 22:10:37.891, 2, 445.83, 100, 38, 246652
2026/06/09 22:10:37.891, 3, 446.76, 100, 39, 246652
2026/06/09 22:10:38.891, 0, 238.82, 0, 33, 248262
2026/06/09 22:10:38.892, 1, 236.13, 0, 33, 248262
2026/06/09 22:10:38.892, 2, 448.80, 100, 38, 246652
2026/06/09 22:10:38.892, 3, 449.84, 100, 39, 246652
2026/06/09 22:10:39.892, 0, 238.99, 0, 33, 248262
2026/06/09 22:10:39.892, 1, 235.54, 0, 33, 248262
2026/06/09 22:10:39.892, 2, 448.25, 100, 38, 246652
2026/06/09 22:10:39.892, 3, 448.32, 100, 39, 246652
2026/06/09 22:10:40.892, 0, 238.75, 0, 33, 248262
2026/06/09 22:10:40.892, 1, 236.38, 0, 33, 248262
2026/06/09 22:10:40.892, 2, 448.86, 100, 38, 246652
2026/06/09 22:10:40.892, 3, 449.95, 100, 39, 246652
2026/06/09 22:10:41.892, 0, 238.75, 0, 33, 248262
2026/06/09 22:10:41.892, 1, 236.05, 0, 33, 248262
2026/06/09 22:10:41.892, 2, 449.50, 100, 38, 246652
2026/06/09 22:10:41.892, 3, 450.15, 100, 39, 246652
2026/06/09 22:10:42.893, 0, 238.52, 0, 33, 248262
2026/06/09 22:10:42.893, 1, 236.15, 0, 33, 248262
2026/06/09 22:10:42.893, 2, 449.50, 100, 38, 246652
2026/06/09 22:10:42.893, 3, 448.78, 100, 39, 246652
2026/06/09 22:10:43.893, 0, 238.67, 0, 33, 248262
2026/06/09 22:10:43.893, 1, 236.13, 0, 33, 248262
2026/06/09 22:10:43.893, 2, 449.81, 100, 38, 246652
2026/06/09 22:10:43.893, 3, 449.22, 100, 39, 246652
2026/06/09 22:10:44.893, 0, 239.15, 0, 33, 248262
2026/06/09 22:10:44.893, 1, 235.74, 0, 33, 248262
2026/06/09 22:10:44.893, 2, 450.79, 100, 39, 246652
2026/06/09 22:10:44.893, 3, 449.40, 100, 39, 246652
2026/06/09 22:10:45.893, 0, 253.96, 0, 34, 248262
2026/06/09 22:10:45.894, 1, 276.07, 0, 34, 248262
2026/06/09 22:10:45.894, 2, 448.75, 100, 39, 246652
2026/06/09 22:10:45.894, 3, 450.38, 100, 39, 246652
2026/06/09 22:10:46.894, 0, 279.61, 0, 34, 248262
2026/06/09 22:10:46.894, 1, 277.87, 0, 34, 248262
2026/06/09 22:10:46.894, 2, 443.92, 100, 38, 246652
2026/06/09 22:10:46.894, 3, 445.77, 100, 39, 246652
2026/06/09 22:10:47.894, 0, 238.90, 0, 34, 248262
2026/06/09 22:10:47.894, 1, 236.76, 0, 33, 248262
2026/06/09 22:10:47.894, 2, 445.26, 100, 38, 246652
2026/06/09 22:10:47.894, 3, 445.36, 100, 39, 246652
2026/06/09 22:10:48.894, 0, 262.36, 0, 34, 248262
2026/06/09 22:10:48.894, 1, 247.81, 0, 34, 248262
2026/06/09 22:10:48.894, 2, 445.53, 100, 38, 246652
2026/06/09 22:10:48.894, 3, 445.75, 100, 39, 246652
2026/06/09 22:10:49.895, 0, 239.68, 0, 33, 248262
2026/06/09 22:10:49.895, 1, 236.63, 0, 33, 248262
2026/06/09 22:10:49.895, 2, 447.67, 100, 38, 246652
2026/06/09 22:10:49.895, 3, 447.15, 100, 39, 246652
2026/06/09 22:10:50.895, 0, 238.96, 0, 33, 248262
2026/06/09 22:10:50.895, 1, 236.37, 0, 33, 248262
2026/06/09 22:10:50.895, 2, 445.41, 100, 38, 246652
2026/06/09 22:10:50.895, 3, 444.73, 100, 39, 246652
2026/06/09 22:10:51.895, 0, 238.98, 0, 33, 248262
2026/06/09 22:10:51.895, 1, 236.68, 0, 33, 248262
2026/06/09 22:10:51.895, 2, 445.10, 100, 38, 246652
2026/06/09 22:10:51.895, 3, 445.77, 100, 38, 246652
2026/06/09 22:10:52.895, 0, 239.30, 0, 33, 248262
2026/06/09 22:10:52.895, 1, 235.86, 0, 33, 248262
2026/06/09 22:10:52.895, 2, 445.36, 100, 38, 246652
2026/06/09 22:10:52.896, 3, 446.81, 100, 39, 246652
2026/06/09 22:10:53.896, 0, 238.98, 0, 33, 248262
2026/06/09 22:10:53.896, 1, 235.74, 0, 33, 248262
2026/06/09 22:10:53.897, 2, 445.82, 100, 38, 246652
2026/06/09 22:10:53.898, 3, 445.59, 100, 38, 246652
2026/06/09 22:10:54.899, 0, 239.54, 0, 33, 248262
2026/06/09 22:10:54.899, 1, 235.58, 0, 33, 248262
2026/06/09 22:10:54.899, 2, 446.04, 100, 38, 246652
2026/06/09 22:10:54.899, 3, 443.13, 100, 38, 246652
2026/06/09 22:10:55.899, 0, 264.75, 9, 34, 248262
2026/06/09 22:10:55.899, 1, 263.74, 30, 34, 248262
2026/06/09 22:10:55.899, 2, 445.16, 98, 38, 246652
2026/06/09 22:10:55.899, 3, 445.92, 100, 38, 246652
2026/06/09 22:10:56.899, 0, 270.67, 75, 37, 248262
2026/06/09 22:10:56.899, 1, 244.70, 14, 34, 248262
2026/06/09 22:10:56.900, 2, 445.86, 100, 38, 246652
2026/06/09 22:10:56.900, 3, 446.57, 100, 39, 246652
2026/06/09 22:10:57.900, 0, 248.86, 0, 34, 248262
2026/06/09 22:10:57.900, 1, 244.33, 0, 33, 248262
2026/06/09 22:10:57.900, 2, 446.13, 100, 38, 246652
2026/06/09 22:10:57.900, 3, 446.41, 100, 39, 246652
2026/06/09 22:10:58.900, 0, 238.74, 0, 33, 248262
2026/06/09 22:10:58.900, 1, 236.41, 0, 33, 248262
2026/06/09 22:10:58.900, 2, 446.36, 100, 38, 246652
2026/06/09 22:10:58.900, 3, 447.53, 100, 39, 246652
2026/06/09 22:10:59.900, 0, 238.64, 0, 33, 248262
2026/06/09 22:10:59.900, 1, 235.97, 0, 33, 248262
2026/06/09 22:10:59.900, 2, 445.55, 100, 38, 246652
2026/06/09 22:10:59.900, 3, 448.93, 100, 39, 246652
2026/06/09 22:11:00.900, 0, 238.68, 0, 33, 248262
2026/06/09 22:11:00.901, 1, 236.52, 0, 33, 248262
2026/06/09 22:11:00.901, 2, 446.59, 100, 38, 246652
2026/06/09 22:11:00.901, 3, 447.83, 100, 39, 246652
2026/06/09 22:11:01.901, 0, 238.30, 0, 33, 248262
2026/06/09 22:11:01.901, 1, 236.03, 0, 33, 248262
2026/06/09 22:11:01.901, 2, 446.32, 100, 38, 246652
2026/06/09 22:11:01.901, 3, 446.12, 100, 39, 246652
2026/06/09 22:11:02.901, 0, 238.75, 0, 33, 248262
2026/06/09 22:11:02.901, 1, 235.71, 0, 33, 248262
2026/06/09 22:11:02.901, 2, 443.32, 100, 38, 246652
2026/06/09 22:11:02.901, 3, 444.52, 100, 39, 246652
2026/06/09 22:11:03.901, 0, 238.61, 0, 33, 248262
2026/06/09 22:11:03.901, 1, 235.95, 0, 33, 248262
2026/06/09 22:11:03.902, 2, 447.06, 100, 38, 246652
2026/06/09 22:11:03.902, 3, 445.38, 100, 38, 246652
2026/06/09 22:11:04.902, 0, 275.52, 57, 35, 248262
2026/06/09 22:11:04.902, 1, 250.75, 29, 34, 248262
2026/06/09 22:11:04.902, 2, 444.51, 100, 38, 246652
2026/06/09 22:11:04.902, 3, 447.68, 100, 39, 246652
2026/06/09 22:11:05.902, 0, 239.48, 0, 34, 248262
2026/06/09 22:11:05.902, 1, 237.10, 0, 33, 248262
2026/06/09 22:11:05.902, 2, 446.58, 100, 38, 246652
2026/06/09 22:11:05.902, 3, 445.69, 100, 39, 246652
2026/06/09 22:11:06.902, 0, 238.99, 0, 33, 248262
2026/06/09 22:11:06.902, 1, 235.77, 0, 33, 248262
2026/06/09 22:11:06.902, 2, 444.31, 100, 38, 246652
2026/06/09 22:11:06.902, 3, 443.70, 100, 39, 246652
2026/06/09 22:11:07.903, 0, 240.34, 0, 33, 248262
2026/06/09 22:11:07.903, 1, 236.98, 0, 33, 248262
2026/06/09 22:11:07.903, 2, 442.70, 100, 38, 246652
2026/06/09 22:11:07.903, 3, 442.68, 100, 39, 246652
2026/06/09 22:11:08.903, 0, 263.27, 0, 34, 248262
2026/06/09 22:11:08.903, 1, 246.56, 0, 33, 248262
2026/06/09 22:11:08.903, 2, 445.89, 100, 38, 246652
2026/06/09 22:11:08.903, 3, 447.95, 100, 39, 246652
2026/06/09 22:11:09.903, 0, 254.89, 0, 34, 248262
2026/06/09 22:11:09.903, 1, 273.55, 0, 34, 248262
2026/06/09 22:11:09.903, 2, 444.46, 100, 38, 246652
2026/06/09 22:11:09.903, 3, 444.55, 100, 38, 246652
2026/06/09 22:11:10.903, 0, 238.81, 0, 33, 248262
2026/06/09 22:11:10.903, 1, 236.44, 0, 33, 248262
2026/06/09 22:11:10.903, 2, 445.74, 100, 38, 246652
2026/06/09 22:11:10.903, 3, 445.12, 100, 38, 246652
2026/06/09 22:11:11.904, 0, 239.29, 0, 33, 248262
2026/06/09 22:11:11.904, 1, 236.10, 0, 33, 248262
2026/06/09 22:11:11.904, 2, 445.80, 100, 38, 246652
2026/06/09 22:11:11.904, 3, 446.67, 100, 39, 246652
2026/06/09 22:11:12.904, 0, 239.07, 0, 33, 248262
2026/06/09 22:11:12.904, 1, 236.37, 0, 33, 248262
2026/06/09 22:11:12.904, 2, 447.78, 100, 38, 246652
2026/06/09 22:11:12.904, 3, 447.39, 100, 39, 246652
2026/06/09 22:11:13.904, 0, 279.81, 0, 34, 248262
2026/06/09 22:11:13.904, 1, 274.58, 0, 34, 248262
2026/06/09 22:11:13.904, 2, 445.18, 98, 38, 246652
2026/06/09 22:11:13.904, 3, 446.02, 98, 39, 246652
2026/06/09 22:11:14.904, 0, 239.30, 0, 34, 248262
2026/06/09 22:11:14.904, 1, 236.25, 0, 34, 248262
2026/06/09 22:11:14.905, 2, 448.41, 100, 38, 246652
2026/06/09 22:11:14.905, 3, 448.55, 100, 39, 246652
2026/06/09 22:11:15.905, 0, 238.53, 0, 33, 248262
2026/06/09 22:11:15.905, 1, 236.10, 0, 33, 248262
2026/06/09 22:11:15.905, 2, 447.30, 100, 38, 246652
2026/06/09 22:11:15.905, 3, 448.55, 100, 39, 246652
2026/06/09 22:11:16.905, 0, 238.77, 0, 33, 248262
2026/06/09 22:11:16.905, 1, 236.21, 0, 33, 248262
2026/06/09 22:11:16.905, 2, 449.25, 100, 38, 246652
2026/06/09 22:11:16.905, 3, 449.63, 100, 39, 246652
2026/06/09 22:11:17.905, 0, 238.89, 0, 33, 248262
2026/06/09 22:11:17.905, 1, 236.29, 0, 33, 248262
2026/06/09 22:11:17.905, 2, 449.08, 100, 38, 246652
2026/06/09 22:11:17.905, 3, 445.78, 100, 39, 246652
2026/06/09 22:11:18.905, 0, 238.84, 0, 33, 248262
2026/06/09 22:11:18.905, 1, 236.24, 0, 33, 248262
2026/06/09 22:11:18.906, 2, 451.10, 100, 39, 246652
2026/06/09 22:11:18.906, 3, 452.26, 100, 39, 246652
2026/06/09 22:11:19.906, 0, 238.83, 0, 33, 248262
2026/06/09 22:11:19.906, 1, 236.43, 0, 33, 248262
2026/06/09 22:11:19.906, 2, 449.21, 100, 38, 246652
2026/06/09 22:11:19.906, 3, 453.72, 100, 39, 246652
2026/06/09 22:11:20.906, 0, 238.99, 0, 33, 248262
2026/06/09 22:11:20.906, 1, 236.38, 0, 33, 248262
2026/06/09 22:11:20.906, 2, 449.69, 100, 39, 246652
2026/06/09 22:11:20.906, 3, 449.65, 100, 39, 246652
2026/06/09 22:11:21.906, 0, 239.13, 0, 33, 248262
2026/06/09 22:11:21.906, 1, 235.76, 0, 33, 248262
2026/06/09 22:11:21.906, 2, 449.82, 100, 39, 246652
2026/06/09 22:11:21.906, 3, 451.32, 100, 39, 246652
2026/06/09 22:11:22.907, 0, 239.05, 0, 33, 248262
2026/06/09 22:11:22.907, 1, 236.29, 0, 33, 248262
2026/06/09 22:11:22.907, 2, 449.95, 100, 39, 246652
2026/06/09 22:11:22.907, 3, 451.01, 100, 39, 246652
2026/06/09 22:11:23.907, 0, 272.82, 50, 35, 248262
2026/06/09 22:11:23.907, 1, 250.84, 30, 34, 248262
2026/06/09 22:11:23.907, 2, 448.20, 100, 39, 246652
2026/06/09 22:11:23.907, 3, 446.77, 100, 39, 246652
2026/06/09 22:11:24.907, 0, 239.07, 0, 34, 248262
2026/06/09 22:11:24.907, 1, 236.05, 0, 34, 248262
2026/06/09 22:11:24.907, 2, 448.69, 100, 39, 246652
2026/06/09 22:11:24.907, 3, 447.63, 100, 39, 246652
2026/06/09 22:11:25.908, 0, 255.86, 57, 36, 248262
2026/06/09 22:11:25.908, 1, 240.74, 10, 34, 248262
2026/06/09 22:11:25.908, 2, 447.64, 100, 38, 246652
2026/06/09 22:11:25.908, 3, 449.21, 100, 39, 246652
2026/06/09 22:11:26.908, 0, 248.54, 0, 34, 248262
2026/06/09 22:11:26.908, 1, 242.68, 0, 34, 248262
2026/06/09 22:11:26.908, 2, 449.56, 100, 39, 246652
2026/06/09 22:11:26.908, 3, 452.06, 100, 39, 246652
2026/06/09 22:11:27.908, 0, 239.00, 0, 34, 248262
2026/06/09 22:11:27.908, 1, 235.98, 0, 33, 248262
2026/06/09 22:11:27.908, 2, 449.18, 100, 39, 246652
2026/06/09 22:11:27.908, 3, 447.13, 100, 39, 246652
2026/06/09 22:11:28.908, 0, 238.59, 0, 34, 248262
2026/06/09 22:11:28.908, 1, 236.02, 0, 33, 248262
2026/06/09 22:11:28.908, 2, 449.31, 100, 39, 246652
2026/06/09 22:11:28.909, 3, 449.00, 100, 39, 246652
2026/06/09 22:11:29.909, 0, 238.76, 0, 34, 248262
2026/06/09 22:11:29.909, 1, 236.53, 0, 33, 248262
2026/06/09 22:11:29.909, 2, 450.45, 100, 39, 246652
2026/06/09 22:11:29.909, 3, 449.91, 100, 39, 246652
2026/06/09 22:11:30.909, 0, 238.82, 0, 34, 248262
2026/06/09 22:11:30.909, 1, 235.79, 0, 33, 248262
2026/06/09 22:11:30.909, 2, 450.50, 100, 39, 246652
2026/06/09 22:11:30.909, 3, 453.01, 100, 39, 246652
2026/06/09 22:11:31.909, 0, 263.86, 0, 34, 248262
2026/06/09 22:11:31.909, 1, 261.69, 0, 34, 248262
2026/06/09 22:11:31.909, 2, 449.79, 100, 39, 246652
2026/06/09 22:11:31.909, 3, 451.38, 100, 39, 246652
2026/06/09 22:11:32.909, 0, 238.69, 0, 34, 248262
2026/06/09 22:11:32.910, 1, 237.13, 0, 34, 248262
2026/06/09 22:11:32.910, 2, 450.34, 100, 39, 246652
2026/06/09 22:11:32.910, 3, 452.95, 100, 39, 246652
2026/06/09 22:11:33.910, 0, 238.82, 0, 34, 248262
2026/06/09 22:11:33.910, 1, 236.44, 0, 34, 248262
2026/06/09 22:11:33.910, 2, 452.13, 100, 39, 246652
2026/06/09 22:11:33.910, 3, 451.77, 100, 39, 246652
2026/06/09 22:11:34.910, 0, 279.11, 0, 34, 248262
2026/06/09 22:11:34.910, 1, 251.17, 0, 34, 248262
2026/06/09 22:11:34.910, 2, 450.71, 100, 39, 246652
2026/06/09 22:11:34.910, 3, 451.36, 100, 39, 246652
2026/06/09 22:11:35.910, 0, 239.08, 0, 34, 248262
2026/06/09 22:11:35.910, 1, 236.62, 0, 34, 248262
2026/06/09 22:11:35.910, 2, 452.31, 100, 39, 246652
2026/06/09 22:11:35.910, 3, 454.17, 100, 39, 246652
2026/06/09 22:11:36.910, 0, 275.28, 0, 34, 248262
2026/06/09 22:11:36.911, 1, 252.50, 0, 34, 248262
2026/06/09 22:11:36.911, 2, 449.94, 100, 39, 246652
2026/06/09 22:11:36.911, 3, 452.74, 100, 39, 246652
2026/06/09 22:11:37.911, 0, 239.00, 0, 34, 248262
2026/06/09 22:11:37.911, 1, 236.68, 0, 34, 248262
2026/06/09 22:11:37.911, 2, 451.88, 100, 39, 246652
2026/06/09 22:11:37.911, 3, 451.96, 100, 39, 246652
2026/06/09 22:11:38.911, 0, 296.79, 0, 34, 248262
2026/06/09 22:11:38.911, 1, 262.29, 0, 34, 248262
2026/06/09 22:11:38.911, 2, 447.51, 100, 39, 246652
2026/06/09 22:11:38.911, 3, 449.60, 100, 39, 246652
2026/06/09 22:11:39.911, 0, 239.50, 0, 34, 248262
2026/06/09 22:11:39.911, 1, 236.13, 0, 34, 248262
2026/06/09 22:11:39.911, 2, 450.17, 100, 39, 246652
2026/06/09 22:11:39.911, 3, 451.60, 100, 39, 246652
2026/06/09 22:11:40.911, 0, 263.43, 0, 34, 248262
2026/06/09 22:11:40.912, 1, 247.44, 0, 34, 248262
2026/06/09 22:11:40.912, 2, 449.26, 100, 39, 246652
2026/06/09 22:11:40.912, 3, 451.23, 100, 39, 246652
2026/06/09 22:11:41.912, 0, 239.90, 0, 34, 248262
2026/06/09 22:11:41.912, 1, 236.60, 0, 34, 248262
2026/06/09 22:11:41.912, 2, 448.94, 100, 39, 246652
2026/06/09 22:11:41.912, 3, 449.10, 100, 39, 246652
2026/06/09 22:11:42.912, 0, 239.07, 0, 34, 248262
2026/06/09 22:11:42.912, 1, 236.14, 0, 34, 248262
2026/06/09 22:11:42.912, 2, 451.65, 100, 39, 246652
2026/06/09 22:11:42.912, 3, 449.70, 100, 39, 246652
2026/06/09 22:11:43.912, 0, 238.83, 0, 34, 248262
2026/06/09 22:11:43.912, 1, 236.62, 0, 34, 248262
2026/06/09 22:11:43.913, 2, 449.51, 100, 39, 246652
2026/06/09 22:11:43.913, 3, 452.82, 100, 39, 246652
2026/06/09 22:11:44.913, 0, 239.37, 0, 34, 248262
2026/06/09 22:11:44.913, 1, 236.63, 0, 34, 248262
2026/06/09 22:11:44.913, 2, 451.67, 100, 39, 246652
2026/06/09 22:11:44.913, 3, 454.02, 100, 39, 246652
2026/06/09 22:11:45.913, 0, 239.00, 0, 34, 248262
2026/06/09 22:11:45.913, 1, 236.36, 0, 34, 248262
2026/06/09 22:11:45.913, 2, 450.55, 100, 39, 246652
2026/06/09 22:11:45.913, 3, 451.18, 100, 39, 246652
2026/06/09 22:11:46.913, 0, 239.14, 0, 34, 248262
2026/06/09 22:11:46.913, 1, 236.08, 0, 34, 248262
2026/06/09 22:11:46.913, 2, 448.34, 100, 39, 246652
2026/06/09 22:11:46.913, 3, 448.51, 100, 39, 246652
2026/06/09 22:11:47.914, 0, 239.29, 0, 34, 248262
2026/06/09 22:11:47.914, 1, 236.18, 0, 34, 248262
2026/06/09 22:11:47.914, 2, 450.27, 100, 39, 246652
2026/06/09 22:11:47.914, 3, 450.06, 100, 39, 246652
2026/06/09 22:11:48.914, 0, 253.35, 0, 34, 248262
2026/06/09 22:11:48.914, 1, 254.96, 0, 34, 248262
2026/06/09 22:11:48.914, 2, 451.18, 100, 39, 246652
2026/06/09 22:11:48.914, 3, 452.35, 100, 39, 246652
2026/06/09 22:11:49.914, 0, 239.21, 0, 34, 248262
2026/06/09 22:11:49.914, 1, 236.77, 0, 34, 248262
2026/06/09 22:11:49.914, 2, 452.17, 100, 39, 246652
2026/06/09 22:11:49.914, 3, 452.02, 100, 39, 246652
2026/06/09 22:11:50.914, 0, 239.00, 0, 34, 248262
2026/06/09 22:11:50.914, 1, 236.55, 0, 34, 248262
2026/06/09 22:11:50.915, 2, 452.27, 100, 39, 246652
2026/06/09 22:11:50.915, 3, 452.27, 100, 39, 246652
2026/06/09 22:11:51.915, 0, 239.15, 0, 34, 248262
2026/06/09 22:11:51.915, 1, 236.70, 0, 34, 248262
2026/06/09 22:11:51.915, 2, 453.00, 100, 39, 246652
2026/06/09 22:11:51.915, 3, 453.42, 100, 39, 246652
2026/06/09 22:11:52.915, 0, 254.21, 21, 34, 248262
2026/06/09 22:11:52.915, 1, 260.62, 62, 35, 248262
2026/06/09 22:11:52.915, 2, 451.25, 97, 39, 246654
2026/06/09 22:11:52.915, 3, 450.78, 100, 39, 246654
2026/06/09 22:11:53.915, 0, 239.44, 0, 34, 248262
2026/06/09 22:11:53.915, 1, 238.01, 0, 34, 248262
2026/06/09 22:11:53.915, 2, 454.24, 100, 39, 246654
2026/06/09 22:11:53.915, 3, 455.03, 100, 39, 246654
2026/06/09 22:11:54.916, 0, 253.47, 28, 35, 248262
2026/06/09 22:11:54.916, 1, 237.45, 0, 34, 248262
2026/06/09 22:11:54.916, 2, 451.19, 100, 39, 246654
2026/06/09 22:11:54.916, 3, 453.66, 100, 39, 246654
2026/06/09 22:11:55.916, 0, 261.17, 19, 35, 248262
2026/06/09 22:11:55.916, 1, 258.74, 21, 35, 248262
2026/06/09 22:11:55.916, 2, 451.47, 99, 39, 246654
2026/06/09 22:11:55.916, 3, 452.73, 100, 39, 246654
2026/06/09 22:11:56.916, 0, 243.43, 0, 34, 248262
2026/06/09 22:11:56.916, 1, 253.31, 0, 34, 248262
2026/06/09 22:11:56.916, 2, 452.03, 100, 39, 246654
2026/06/09 22:11:56.916, 3, 453.54, 100, 39, 246654
2026/06/09 22:11:57.916, 0, 239.29, 0, 34, 248262
2026/06/09 22:11:57.917, 1, 236.47, 0, 34, 248262
2026/06/09 22:11:57.917, 2, 451.24, 100, 39, 246654
2026/06/09 22:11:57.917, 3, 452.26, 100, 39, 246654
2026/06/09 22:11:58.917, 0, 270.90, 0, 34, 248262
2026/06/09 22:11:58.917, 1, 267.01, 0, 34, 248262
2026/06/09 22:11:58.917, 2, 452.66, 100, 39, 246654
2026/06/09 22:11:58.917, 3, 450.73, 100, 39, 246654
2026/06/09 22:11:59.917, 0, 277.30, 0, 34, 248262
2026/06/09 22:11:59.917, 1, 252.31, 0, 34, 248262
2026/06/09 22:11:59.917, 2, 451.43, 100, 39, 246654
2026/06/09 22:11:59.917, 3, 453.17, 100, 39, 246654
2026/06/09 22:12:00.917, 0, 239.21, 0, 34, 248262
2026/06/09 22:12:00.917, 1, 236.63, 0, 34, 248262
2026/06/09 22:12:00.917, 2, 449.51, 100, 39, 246654
2026/06/09 22:12:00.917, 3, 451.80, 100, 39, 246654
2026/06/09 22:12:01.918, 0, 238.85, 0, 34, 248262
2026/06/09 22:12:01.918, 1, 236.09, 0, 34, 248262
2026/06/09 22:12:01.918, 2, 451.22, 100, 39, 246654
2026/06/09 22:12:01.918, 3, 453.29, 100, 39, 246654
2026/06/09 22:12:02.918, 0, 250.79, 0, 34, 248262
2026/06/09 22:12:02.918, 1, 251.91, 0, 34, 248262
2026/06/09 22:12:02.918, 2, 448.70, 100, 39, 246654
2026/06/09 22:12:02.918, 3, 452.84, 100, 39, 246654
2026/06/09 22:12:03.918, 0, 254.04, 0, 34, 248262
2026/06/09 22:12:03.918, 1, 263.07, 0, 34, 248262
2026/06/09 22:12:03.918, 2, 450.32, 100, 39, 246654
2026/06/09 22:12:03.918, 3, 451.74, 98, 39, 246654
2026/06/09 22:12:04.918, 0, 239.23, 0, 34, 248262
2026/06/09 22:12:04.918, 1, 236.03, 0, 34, 248262
2026/06/09 22:12:04.919, 2, 450.11, 100, 39, 246654
2026/06/09 22:12:04.919, 3, 452.08, 100, 39, 246654
2026/06/09 22:12:05.919, 0, 239.37, 0, 34, 248262
2026/06/09 22:12:05.919, 1, 236.55, 0, 34, 248262
2026/06/09 22:12:05.919, 2, 450.88, 100, 39, 246654
2026/06/09 22:12:05.919, 3, 451.23, 100, 39, 246654
2026/06/09 22:12:06.919, 0, 278.34, 0, 34, 248262
2026/06/09 22:12:06.919, 1, 273.72, 0, 34, 248262
2026/06/09 22:12:06.919, 2, 450.86, 100, 39, 246654
2026/06/09 22:12:06.919, 3, 452.14, 100, 39, 246654
2026/06/09 22:12:07.919, 0, 240.29, 0, 34, 248262
2026/06/09 22:12:07.919, 1, 237.01, 0, 34, 248262
2026/06/09 22:12:07.919, 2, 450.54, 100, 39, 246654
2026/06/09 22:12:07.919, 3, 454.73, 100, 39, 246654
2026/06/09 22:12:08.919, 0, 250.85, 0, 34, 248262
2026/06/09 22:12:08.920, 1, 257.53, 0, 34, 248262
2026/06/09 22:12:08.920, 2, 449.26, 100, 39, 246654
2026/06/09 22:12:08.920, 3, 451.79, 100, 39, 246654
2026/06/09 22:12:09.920, 0, 271.93, 0, 34, 248262
2026/06/09 22:12:09.920, 1, 251.61, 4, 34, 248262
2026/06/09 22:12:09.920, 2, 450.19, 100, 39, 246654
2026/06/09 22:12:09.920, 3, 450.73, 98, 39, 246654
2026/06/09 22:12:10.920, 0, 239.47, 0, 34, 248262
2026/06/09 22:12:10.920, 1, 236.47, 0, 34, 248262
2026/06/09 22:12:10.920, 2, 450.98, 100, 39, 246654
2026/06/09 22:12:10.920, 3, 452.55, 100, 39, 246654
2026/06/09 22:12:11.920, 0, 267.45, 4, 34, 248262
2026/06/09 22:12:11.920, 1, 261.52, 18, 34, 248262
2026/06/09 22:12:11.920, 2, 452.93, 100, 39, 246654
2026/06/09 22:12:11.920, 3, 454.60, 100, 39, 246654
2026/06/09 22:12:12.921, 0, 239.66, 0, 34, 248262
2026/06/09 22:12:12.921, 1, 236.61, 0, 34, 248262
2026/06/09 22:12:12.921, 2, 451.53, 100, 39, 246654
2026/06/09 22:12:12.921, 3, 452.04, 100, 39, 246654
2026/06/09 22:12:13.921, 0, 239.13, 0, 34, 248262
2026/06/09 22:12:13.921, 1, 236.40, 0, 34, 248262
2026/06/09 22:12:13.921, 2, 453.20, 100, 39, 246654
2026/06/09 22:12:13.921, 3, 450.80, 100, 39, 246654
2026/06/09 22:12:14.921, 0, 276.95, 0, 34, 248262
2026/06/09 22:12:14.921, 1, 249.89, 0, 34, 248262
2026/06/09 22:12:14.921, 2, 449.92, 100, 39, 246654
2026/06/09 22:12:14.921, 3, 454.22, 100, 39, 246654
2026/06/09 22:12:15.921, 0, 239.66, 0, 34, 248262
2026/06/09 22:12:15.921, 1, 236.48, 0, 34, 248262
2026/06/09 22:12:15.922, 2, 455.39, 100, 39, 246654
2026/06/09 22:12:15.922, 3, 454.39, 100, 39, 246654
2026/06/09 22:12:16.922, 0, 239.14, 0, 34, 248262
2026/06/09 22:12:16.922, 1, 236.18, 0, 33, 248262
2026/06/09 22:12:16.922, 2, 452.77, 100, 39, 246654
2026/06/09 22:12:16.922, 3, 453.92, 100, 39, 246654
2026/06/09 22:12:17.922, 0, 238.97, 0, 34, 248262
2026/06/09 22:12:17.922, 1, 236.52, 0, 33, 248262
2026/06/09 22:12:17.922, 2, 454.07, 100, 39, 246654
2026/06/09 22:12:17.922, 3, 453.33, 100, 39, 246654
2026/06/09 22:12:18.922, 0, 238.84, 0, 33, 248262
2026/06/09 22:12:18.922, 1, 236.29, 0, 33, 248262
2026/06/09 22:12:18.922, 2, 451.26, 100, 39, 246654
2026/06/09 22:12:18.922, 3, 451.47, 100, 39, 246654
2026/06/09 22:12:19.923, 0, 239.00, 0, 33, 248262
2026/06/09 22:12:19.923, 1, 236.48, 0, 33, 248262
2026/06/09 22:12:19.923, 2, 451.04, 100, 39, 246654
2026/06/09 22:12:19.923, 3, 451.75, 100, 39, 246654
2026/06/09 22:12:20.923, 0, 296.96, 0, 34, 248262
2026/06/09 22:12:20.923, 1, 264.28, 0, 34, 248262
2026/06/09 22:12:20.923, 2, 446.90, 100, 38, 246654
2026/06/09 22:12:20.923, 3, 448.75, 98, 39, 246654
2026/06/09 22:12:21.923, 0, 239.51, 0, 34, 248262
2026/06/09 22:12:21.923, 1, 236.55, 0, 33, 248262
2026/06/09 22:12:21.923, 2, 447.52, 100, 39, 246654
2026/06/09 22:12:21.923, 3, 447.92, 100, 39, 246654
2026/06/09 22:12:22.923, 0, 271.51, 0, 34, 248262
2026/06/09 22:12:22.923, 1, 248.93, 0, 34, 248262
2026/06/09 22:12:22.924, 2, 444.94, 100, 38, 246654
2026/06/09 22:12:22.924, 3, 446.14, 100, 39, 246654
2026/06/09 22:12:23.924, 0, 251.91, 0, 34, 248262
2026/06/09 22:12:23.924, 1, 242.56, 0, 33, 248262
2026/06/09 22:12:23.924, 2, 444.40, 100, 38, 246654
2026/06/09 22:12:23.924, 3, 445.65, 100, 39, 246654
2026/06/09 22:12:24.924, 0, 239.21, 0, 34, 248262
2026/06/09 22:12:24.924, 1, 236.22, 0, 33, 248262
2026/06/09 22:12:24.925, 2, 445.19, 100, 38, 246654
2026/06/09 22:12:24.925, 3, 446.70, 100, 39, 246654
2026/06/09 22:12:25.926, 0, 238.60, 0, 33, 248262
2026/06/09 22:12:25.926, 1, 236.45, 0, 33, 248262
2026/06/09 22:12:25.926, 2, 446.88, 100, 38, 246654
2026/06/09 22:12:25.926, 3, 445.34, 100, 39, 246654
2026/06/09 22:12:26.926, 0, 238.83, 0, 34, 248262
2026/06/09 22:12:26.926, 1, 236.76, 0, 33, 248262
2026/06/09 22:12:26.926, 2, 448.96, 100, 39, 246654
2026/06/09 22:12:26.926, 3, 449.64, 100, 39, 246654
2026/06/09 22:12:27.926, 0, 239.04, 0, 33, 248262
2026/06/09 22:12:27.926, 1, 236.09, 0, 33, 248262
2026/06/09 22:12:27.926, 2, 447.90, 100, 38, 246654
2026/06/09 22:12:27.926, 3, 449.06, 100, 39, 246654
2026/06/09 22:12:28.926, 0, 238.82, 0, 33, 248262
2026/06/09 22:12:28.926, 1, 236.23, 0, 33, 248262
2026/06/09 22:12:28.926, 2, 449.00, 100, 39, 246654
2026/06/09 22:12:28.926, 3, 450.83, 100, 39, 246654
2026/06/09 22:12:29.927, 0, 238.92, 0, 33, 248262
2026/06/09 22:12:29.927, 1, 236.03, 0, 33, 248262
2026/06/09 22:12:29.927, 2, 447.13, 100, 38, 246654
2026/06/09 22:12:29.927, 3, 449.22, 100, 39, 246654
2026/06/09 22:12:30.927, 0, 238.61, 0, 33, 248262
2026/06/09 22:12:30.927, 1, 236.01, 0, 33, 248262
2026/06/09 22:12:30.927, 2, 447.14, 100, 39, 246654
2026/06/09 22:12:30.927, 3, 448.29, 100, 39, 246654
2026/06/09 22:12:31.927, 0, 238.90, 0, 33, 248262
2026/06/09 22:12:31.927, 1, 236.35, 0, 33, 248262
2026/06/09 22:12:31.927, 2, 447.83, 100, 39, 246654
2026/06/09 22:12:31.927, 3, 448.85, 100, 39, 246654
2026/06/09 22:12:32.927, 0, 261.50, 0, 34, 248262
2026/06/09 22:12:32.927, 1, 246.35, 0, 33, 248262
2026/06/09 22:12:32.928, 2, 444.90, 100, 38, 246654
2026/06/09 22:12:32.928, 3, 447.03, 100, 39, 246654
2026/06/09 22:12:33.928, 0, 251.47, 0, 34, 248262
2026/06/09 22:12:33.928, 1, 262.10, 0, 34, 248262
2026/06/09 22:12:33.928, 2, 446.45, 100, 38, 246654
2026/06/09 22:12:33.928, 3, 448.61, 100, 39, 246654
2026/06/09 22:12:34.928, 0, 239.52, 0, 33, 248262
2026/06/09 22:12:34.928, 1, 236.39, 0, 33, 248262
2026/06/09 22:12:34.928, 2, 446.45, 100, 38, 246654
2026/06/09 22:12:34.928, 3, 447.84, 100, 39, 246654
2026/06/09 22:12:35.928, 0, 238.74, 0, 33, 248262
2026/06/09 22:12:35.928, 1, 236.76, 0, 33, 248262
2026/06/09 22:12:35.928, 2, 448.62, 100, 38, 246654
2026/06/09 22:12:35.928, 3, 446.16, 100, 39, 246654
2026/06/09 22:12:36.928, 0, 238.98, 0, 33, 248262
2026/06/09 22:12:36.929, 1, 235.68, 0, 33, 248262
2026/06/09 22:12:36.929, 2, 446.23, 100, 38, 246654
2026/06/09 22:12:36.929, 3, 447.05, 100, 39, 246654
2026/06/09 22:12:37.929, 0, 239.05, 0, 33, 248262
2026/06/09 22:12:37.929, 1, 236.21, 0, 33, 248262
2026/06/09 22:12:37.929, 2, 445.72, 100, 38, 246654
2026/06/09 22:12:37.929, 3, 448.60, 100, 39, 246654
2026/06/09 22:12:38.929, 0, 239.73, 0, 33, 248262
2026/06/09 22:12:38.929, 1, 235.66, 0, 33, 248262
2026/06/09 22:12:38.929, 2, 446.19, 100, 38, 246654
2026/06/09 22:12:38.929, 3, 448.06, 100, 39, 246654
2026/06/09 22:12:39.929, 0, 239.13, 0, 33, 248262
2026/06/09 22:12:39.929, 1, 235.98, 0, 33, 248262
2026/06/09 22:12:39.929, 2, 446.14, 100, 38, 246654
2026/06/09 22:12:39.930, 3, 447.52, 100, 39, 246654
2026/06/09 22:12:40.930, 0, 239.16, 0, 33, 248262
2026/06/09 22:12:40.930, 1, 235.68, 0, 33, 248262
2026/06/09 22:12:40.930, 2, 447.78, 100, 38, 246654
2026/06/09 22:12:40.930, 3, 446.13, 100, 39, 246654
2026/06/09 22:12:41.930, 0, 239.22, 0, 33, 248262
2026/06/09 22:12:41.930, 1, 235.80, 0, 33, 248262
2026/06/09 22:12:41.930, 2, 449.17, 100, 38, 246654
2026/06/09 22:12:41.930, 3, 449.48, 100, 39, 246654
2026/06/09 22:12:42.930, 0, 238.76, 0, 33, 248262
2026/06/09 22:12:42.930, 1, 235.81, 0, 33, 248262
2026/06/09 22:12:42.930, 2, 445.71, 100, 38, 246654
2026/06/09 22:12:42.930, 3, 451.26, 100, 39, 246654
2026/06/09 22:12:43.930, 0, 277.63, 0, 34, 248262
2026/06/09 22:12:43.931, 1, 252.84, 0, 33, 248262
2026/06/09 22:12:43.931, 2, 447.49, 100, 38, 246654
2026/06/09 22:12:43.931, 3, 449.84, 100, 39, 246654
2026/06/09 22:12:44.931, 0, 239.43, 0, 33, 248262
2026/06/09 22:12:44.931, 1, 235.80, 0, 33, 248262
2026/06/09 22:12:44.931, 2, 448.54, 100, 38, 246654
2026/06/09 22:12:44.931, 3, 450.40, 100, 39, 246654
2026/06/09 22:12:45.931, 0, 239.35, 0, 33, 248262
2026/06/09 22:12:45.931, 1, 236.22, 0, 33, 248262
2026/06/09 22:12:45.931, 2, 449.65, 100, 38, 246654
2026/06/09 22:12:45.931, 3, 451.42, 100, 39, 246654
2026/06/09 22:12:46.931, 0, 239.13, 0, 33, 248262
2026/06/09 22:12:46.931, 1, 236.22, 0, 33, 248262
2026/06/09 22:12:46.931, 2, 447.06, 100, 38, 246654
2026/06/09 22:12:46.932, 3, 447.60, 100, 39, 246654
2026/06/09 22:12:47.932, 0, 239.51, 0, 33, 248262
2026/06/09 22:12:47.932, 1, 235.87, 0, 33, 248262
2026/06/09 22:12:47.932, 2, 445.75, 100, 38, 246654
2026/06/09 22:12:47.932, 3, 446.39, 100, 39, 246654
2026/06/09 22:12:48.932, 0, 238.85, 0, 33, 248262
2026/06/09 22:12:48.932, 1, 236.17, 0, 33, 248262
2026/06/09 22:12:48.932, 2, 448.38, 100, 38, 246654
2026/06/09 22:12:48.932, 3, 452.54, 100, 39, 246654
2026/06/09 22:12:49.932, 0, 239.29, 0, 33, 248262
2026/06/09 22:12:49.932, 1, 236.17, 0, 33, 248262
2026/06/09 22:12:49.932, 2, 448.25, 100, 38, 246654
2026/06/09 22:12:49.932, 3, 450.42, 100, 39, 246654
2026/06/09 22:12:50.932, 0, 272.71, 0, 34, 248262
2026/06/09 22:12:50.933, 1, 289.97, 0, 34, 248262
2026/06/09 22:12:50.933, 2, 445.77, 100, 38, 246654
2026/06/09 22:12:50.933, 3, 448.73, 100, 39, 246654
2026/06/09 22:12:51.933, 0, 260.61, 0, 34, 248262
2026/06/09 22:12:51.933, 1, 247.50, 0, 34, 248262
2026/06/09 22:12:51.933, 2, 450.12, 100, 38, 246654
2026/06/09 22:12:51.933, 3, 449.81, 100, 39, 246654
2026/06/09 22:12:52.933, 0, 240.09, 0, 33, 248262
2026/06/09 22:12:52.933, 1, 236.16, 0, 33, 248262
2026/06/09 22:12:52.933, 2, 448.22, 100, 38, 246654
2026/06/09 22:12:52.933, 3, 448.53, 100, 38, 246654
2026/06/09 22:12:53.933, 0, 239.06, 0, 33, 248262
2026/06/09 22:12:53.933, 1, 235.64, 0, 33, 248262
2026/06/09 22:12:53.934, 2, 449.13, 100, 38, 246654
2026/06/09 22:12:53.934, 3, 449.99, 100, 39, 246654
2026/06/09 22:12:54.934, 0, 239.06, 0, 33, 248262
2026/06/09 22:12:54.934, 1, 235.86, 0, 33, 248262
2026/06/09 22:12:54.934, 2, 446.73, 100, 38, 246654
2026/06/09 22:12:54.934, 3, 450.46, 100, 39, 246654
2026/06/09 22:12:55.934, 0, 239.05, 0, 33, 248262
2026/06/09 22:12:55.934, 1, 235.68, 0, 33, 248262
2026/06/09 22:12:55.934, 2, 449.57, 100, 38, 246654
2026/06/09 22:12:55.934, 3, 451.37, 100, 39, 246654
2026/06/09 22:12:56.934, 0, 239.37, 0, 33, 248262
2026/06/09 22:12:56.934, 1, 235.97, 0, 33, 248262
2026/06/09 22:12:56.934, 2, 447.96, 100, 38, 246654
2026/06/09 22:12:56.934, 3, 450.68, 100, 39, 246654
2026/06/09 22:12:57.935, 0, 279.41, 0, 34, 248262
2026/06/09 22:12:57.935, 1, 250.51, 0, 34, 248262
2026/06/09 22:12:57.935, 2, 449.23, 100, 38, 246654
2026/06/09 22:12:57.935, 3, 450.07, 100, 39, 246654
2026/06/09 22:12:58.935, 0, 239.73, 0, 33, 248262
2026/06/09 22:12:58.935, 1, 236.45, 0, 33, 248262
2026/06/09 22:12:58.935, 2, 449.56, 100, 38, 246654
2026/06/09 22:12:58.935, 3, 452.53, 100, 39, 246654
2026/06/09 22:12:59.935, 0, 238.77, 0, 33, 248262
2026/06/09 22:12:59.935, 1, 236.37, 0, 33, 248262
2026/06/09 22:12:59.935, 2, 447.79, 100, 38, 246654
2026/06/09 22:12:59.935, 3, 450.53, 100, 39, 246654
2026/06/09 22:13:00.935, 0, 239.07, 0, 33, 248262
2026/06/09 22:13:00.936, 1, 236.67, 0, 33, 248262
2026/06/09 22:13:00.936, 2, 449.74, 100, 38, 246654
2026/06/09 22:13:00.936, 3, 449.67, 100, 39, 246654
2026/06/09 22:13:01.936, 0, 239.14, 0, 33, 248262
2026/06/09 22:13:01.936, 1, 236.02, 0, 33, 248262
2026/06/09 22:13:01.936, 2, 449.86, 100, 38, 246654
2026/06/09 22:13:01.936, 3, 449.13, 100, 39, 246654
2026/06/09 22:13:02.936, 0, 266.12, 0, 34, 248262
2026/06/09 22:13:02.936, 1, 262.58, 0, 34, 248262
2026/06/09 22:13:02.936, 2, 446.72, 100, 38, 246654
2026/06/09 22:13:02.936, 3, 446.43, 100, 39, 246654
2026/06/09 22:13:03.936, 0, 275.92, 0, 34, 248262
2026/06/09 22:13:03.937, 1, 249.60, 0, 34, 248262
2026/06/09 22:13:03.937, 2, 447.56, 100, 38, 246654
2026/06/09 22:13:03.937, 3, 449.32, 100, 39, 246654
2026/06/09 22:13:04.937, 0, 239.29, 0, 34, 248262
2026/06/09 22:13:04.937, 1, 236.34, 0, 33, 248262
2026/06/09 22:13:04.937, 2, 448.87, 100, 39, 246654
2026/06/09 22:13:04.937, 3, 448.97, 100, 39, 246654
2026/06/09 22:13:05.937, 0, 239.21, 0, 34, 248262
2026/06/09 22:13:05.937, 1, 236.32, 0, 33, 248262
2026/06/09 22:13:05.937, 2, 449.33, 100, 39, 246654
2026/06/09 22:13:05.937, 3, 450.01, 100, 39, 246654
2026/06/09 22:13:06.937, 0, 260.28, 0, 34, 248262
2026/06/09 22:13:06.938, 1, 248.57, 0, 34, 248262
2026/06/09 22:13:06.938, 2, 447.95, 100, 39, 246654
2026/06/09 22:13:06.938, 3, 449.24, 100, 39, 246654
2026/06/09 22:13:07.938, 0, 277.89, 0, 34, 248262
2026/06/09 22:13:07.938, 1, 253.52, 0, 34, 248262
2026/06/09 22:13:07.938, 2, 448.78, 100, 38, 246654
2026/06/09 22:13:07.938, 3, 450.27, 100, 39, 246654
2026/06/09 22:13:08.938, 0, 278.73, 0, 34, 248262
2026/06/09 22:13:08.938, 1, 252.21, 0, 34, 248262
2026/06/09 22:13:08.938, 2, 448.44, 100, 39, 246654
2026/06/09 22:13:08.938, 3, 450.21, 100, 39, 246654
2026/06/09 22:13:09.938, 0, 239.14, 0, 34, 248262
2026/06/09 22:13:09.938, 1, 236.52, 0, 33, 248262
2026/06/09 22:13:09.938, 2, 451.58, 100, 39, 246654
2026/06/09 22:13:09.938, 3, 453.17, 100, 39, 246654
2026/06/09 22:13:10.939, 0, 271.25, 0, 34, 248262
2026/06/09 22:13:10.939, 1, 250.04, 0, 34, 248262
2026/06/09 22:13:10.939, 2, 449.87, 100, 39, 246654
2026/06/09 22:13:10.939, 3, 450.75, 100, 39, 246654
2026/06/09 22:13:11.939, 0, 239.00, 0, 34, 248262
2026/06/09 22:13:11.939, 1, 236.62, 0, 33, 248262
2026/06/09 22:13:11.939, 2, 452.74, 100, 39, 246654
2026/06/09 22:13:11.939, 3, 453.81, 100, 39, 246654
2026/06/09 22:13:12.939, 0, 249.71, 0, 34, 248262
2026/06/09 22:13:12.939, 1, 258.01, 0, 34, 248262
2026/06/09 22:13:12.939, 2, 448.77, 100, 38, 246654
2026/06/09 22:13:12.939, 3, 451.23, 100, 39, 246654
2026/06/09 22:13:13.939, 0, 239.36, 0, 34, 248262
2026/06/09 22:13:13.940, 1, 236.20, 0, 33, 248262
2026/06/09 22:13:13.940, 2, 450.80, 100, 39, 246654
2026/06/09 22:13:13.940, 3, 453.29, 100, 39, 246654
2026/06/09 22:13:14.940, 0, 238.53, 0, 33, 248262
2026/06/09 22:13:14.940, 1, 236.68, 0, 33, 248262
2026/06/09 22:13:14.940, 2, 452.92, 100, 39, 246654
2026/06/09 22:13:14.940, 3, 453.87, 100, 39, 246654
2026/06/09 22:13:15.940, 0, 263.84, 0, 34, 248262
2026/06/09 22:13:15.940, 1, 247.41, 0, 34, 248262
2026/06/09 22:13:15.940, 2, 450.08, 100, 39, 246654
2026/06/09 22:13:15.940, 3, 452.09, 100, 39, 246654
2026/06/09 22:13:16.940, 0, 239.13, 0, 34, 248262
2026/06/09 22:13:16.940, 1, 236.29, 0, 33, 248262
2026/06/09 22:13:16.940, 2, 450.57, 100, 39, 246654
2026/06/09 22:13:16.940, 3, 451.38, 100, 39, 246654
2026/06/09 22:13:17.941, 0, 239.07, 0, 33, 248262
2026/06/09 22:13:17.941, 1, 236.10, 0, 33, 248262
2026/06/09 22:13:17.941, 2, 449.15, 100, 38, 246654
2026/06/09 22:13:17.941, 3, 450.61, 100, 39, 246654
2026/06/09 22:13:18.941, 0, 238.90, 0, 33, 248262
2026/06/09 22:13:18.941, 1, 235.82, 0, 33, 248262
2026/06/09 22:13:18.941, 2, 450.27, 100, 39, 246654
2026/06/09 22:13:18.941, 3, 451.18, 100, 39, 246654
2026/06/09 22:13:19.941, 0, 238.67, 0, 33, 248262
2026/06/09 22:13:19.941, 1, 236.36, 0, 33, 248262
2026/06/09 22:13:19.941, 2, 452.65, 100, 39, 246654
2026/06/09 22:13:19.941, 3, 452.51, 100, 39, 246654
2026/06/09 22:13:20.941, 0, 238.92, 0, 33, 248262
2026/06/09 22:13:20.942, 1, 235.49, 0, 33, 248262
2026/06/09 22:13:20.942, 2, 452.39, 100, 39, 246654
2026/06/09 22:13:20.942, 3, 452.34, 100, 39, 246654
2026/06/09 22:13:21.942, 0, 238.60, 0, 33, 248262
2026/06/09 22:13:21.942, 1, 236.69, 0, 33, 248262
2026/06/09 22:13:21.942, 2, 452.66, 100, 39, 246654
2026/06/09 22:13:21.942, 3, 452.64, 100, 39, 246654
2026/06/09 22:13:22.942, 0, 238.45, 0, 33, 248262
2026/06/09 22:13:22.942, 1, 236.38, 0, 33, 248262
2026/06/09 22:13:22.942, 2, 453.26, 100, 39, 246654
2026/06/09 22:13:22.942, 3, 452.06, 100, 39, 246654
2026/06/09 22:13:23.942, 0, 238.67, 0, 33, 248262
2026/06/09 22:13:23.942, 1, 235.72, 0, 33, 248262
2026/06/09 22:13:23.942, 2, 452.13, 100, 39, 246654
2026/06/09 22:13:23.942, 3, 452.22, 100, 39, 246654
2026/06/09 22:13:24.943, 0, 238.60, 0, 33, 248262
2026/06/09 22:13:24.943, 1, 235.94, 0, 33, 248262
2026/06/09 22:13:24.943, 2, 451.49, 100, 39, 246654
2026/06/09 22:13:24.943, 3, 454.23, 100, 39, 246654
2026/06/09 22:13:25.943, 0, 259.77, 90, 36, 248262
2026/06/09 22:13:25.943, 1, 258.56, 27, 35, 248262
2026/06/09 22:13:25.943, 2, 450.89, 98, 38, 246654
2026/06/09 22:13:25.943, 3, 452.80, 100, 39, 246654
2026/06/09 22:13:26.943, 0, 239.38, 0, 34, 248262
2026/06/09 22:13:26.943, 1, 238.14, 0, 34, 248262
2026/06/09 22:13:26.943, 2, 452.53, 100, 39, 246654
2026/06/09 22:13:26.943, 3, 452.61, 100, 39, 246654
2026/06/09 22:13:27.943, 0, 244.04, 0, 34, 248262
2026/06/09 22:13:27.945, 1, 236.38, 0, 33, 248262
2026/06/09 22:13:27.946, 2, 451.44, 100, 39, 246654
2026/06/09 22:13:27.947, 3, 452.51, 100, 39, 246654
2026/06/09 22:13:28.948, 0, 285.01, 0, 34, 248262
2026/06/09 22:13:28.948, 1, 276.28, 0, 34, 248262
2026/06/09 22:13:28.948, 2, 449.53, 100, 39, 246654
2026/06/09 22:13:28.948, 3, 451.42, 100, 39, 246654
2026/06/09 22:13:29.948, 0, 267.20, 2, 34, 248262
2026/06/09 22:13:29.948, 1, 248.42, 11, 34, 248262
2026/06/09 22:13:29.948, 2, 447.50, 100, 39, 246654
2026/06/09 22:13:29.948, 3, 448.93, 98, 39, 246654
2026/06/09 22:13:30.948, 0, 279.08, 72, 36, 248262
2026/06/09 22:13:30.948, 1, 253.61, 30, 35, 248262
2026/06/09 22:13:30.948, 2, 447.16, 98, 39, 246654
2026/06/09 22:13:30.948, 3, 448.08, 100, 39, 246654
2026/06/09 22:13:31.948, 0, 239.44, 0, 34, 248262
2026/06/09 22:13:31.948, 1, 236.75, 0, 34, 248262
2026/06/09 22:13:31.948, 2, 447.25, 100, 39, 246654
2026/06/09 22:13:31.948, 3, 446.93, 100, 39, 246654
2026/06/09 22:13:32.949, 0, 238.68, 0, 34, 248262
2026/06/09 22:13:32.949, 1, 236.36, 0, 34, 248262
2026/06/09 22:13:32.949, 2, 448.55, 100, 39, 246654
2026/06/09 22:13:32.949, 3, 450.48, 100, 39, 246654
2026/06/09 22:13:33.949, 0, 239.59, 0, 34, 248262
2026/06/09 22:13:33.949, 1, 236.11, 0, 34, 248262
2026/06/09 22:13:33.949, 2, 446.11, 100, 39, 246654
2026/06/09 22:13:33.949, 3, 449.02, 100, 39, 246654
2026/06/09 22:13:34.949, 0, 239.23, 0, 34, 248262
2026/06/09 22:13:34.949, 1, 236.26, 0, 34, 248262
2026/06/09 22:13:34.949, 2, 448.02, 100, 39, 246654
2026/06/09 22:13:34.949, 3, 446.07, 100, 39, 246654
2026/06/09 22:13:35.949, 0, 273.88, 0, 34, 248262
2026/06/09 22:13:35.949, 1, 250.75, 0, 34, 248262
2026/06/09 22:13:35.949, 2, 449.23, 100, 39, 246654
2026/06/09 22:13:35.949, 3, 450.18, 100, 39, 246654
2026/06/09 22:13:36.950, 0, 239.23, 0, 34, 248262
2026/06/09 22:13:36.950, 1, 236.63, 0, 34, 248262
2026/06/09 22:13:36.950, 2, 450.58, 100, 39, 246654
2026/06/09 22:13:36.950, 3, 451.41, 100, 39, 246654
2026/06/09 22:13:37.950, 0, 238.76, 0, 34, 248262
2026/06/09 22:13:37.950, 1, 236.69, 0, 34, 248262
2026/06/09 22:13:37.950, 2, 450.35, 100, 39, 246654
2026/06/09 22:13:37.950, 3, 450.17, 100, 39, 246654
2026/06/09 22:13:38.950, 0, 238.75, 0, 34, 248262
2026/06/09 22:13:38.950, 1, 236.37, 0, 33, 248262
2026/06/09 22:13:38.950, 2, 449.22, 100, 39, 246654
2026/06/09 22:13:38.950, 3, 450.93, 100, 39, 246654
2026/06/09 22:13:39.950, 0, 238.83, 0, 34, 248262
2026/06/09 22:13:39.950, 1, 235.96, 0, 33, 248262
2026/06/09 22:13:39.950, 2, 449.26, 100, 39, 246654
2026/06/09 22:13:39.950, 3, 449.17, 100, 39, 246654
2026/06/09 22:13:40.951, 0, 280.28, 0, 34, 248262
2026/06/09 22:13:40.951, 1, 278.74, 0, 34, 248262
2026/06/09 22:13:40.951, 2, 445.83, 100, 39, 246654
2026/06/09 22:13:40.951, 3, 447.61, 100, 39, 246654
2026/06/09 22:13:41.951, 0, 239.08, 0, 34, 248262
2026/06/09 22:13:41.951, 1, 236.69, 0, 34, 248262
2026/06/09 22:13:41.951, 2, 446.59, 100, 39, 246654
2026/06/09 22:13:41.951, 3, 448.84, 100, 39, 246654
2026/06/09 22:13:42.951, 0, 238.84, 0, 34, 248262
2026/06/09 22:13:42.951, 1, 236.01, 0, 33, 248262
2026/06/09 22:13:42.951, 2, 447.38, 100, 39, 246654
2026/06/09 22:13:42.951, 3, 445.45, 100, 39, 246654
2026/06/09 22:13:43.952, 0, 238.74, 0, 34, 248262
2026/06/09 22:13:43.952, 1, 236.62, 0, 33, 248262
2026/06/09 22:13:43.952, 2, 443.93, 100, 38, 246654
2026/06/09 22:13:43.952, 3, 446.74, 100, 39, 246654
2026/06/09 22:13:44.952, 0, 264.77, 0, 34, 248262
2026/06/09 22:13:44.952, 1, 259.64, 0, 34, 248262
2026/06/09 22:13:44.952, 2, 445.35, 100, 38, 246654
2026/06/09 22:13:44.952, 3, 445.04, 100, 39, 246654
2026/06/09 22:13:45.952, 0, 299.12, 0, 34, 248262
2026/06/09 22:13:45.952, 1, 263.65, 0, 34, 248262
2026/06/09 22:13:45.952, 2, 444.61, 100, 39, 246654
2026/06/09 22:13:45.952, 3, 448.49, 100, 39, 246654
2026/06/09 22:13:46.952, 0, 269.46, 83, 37, 248262
2026/06/09 22:13:46.953, 1, 250.77, 17, 34, 248262
2026/06/09 22:13:46.953, 2, 447.81, 98, 38, 246654
2026/06/09 22:13:46.953, 3, 450.25, 100, 39, 246654
2026/06/09 22:13:47.953, 0, 239.87, 0, 34, 248262
2026/06/09 22:13:47.953, 1, 236.85, 0, 34, 248262
2026/06/09 22:13:47.953, 2, 447.15, 100, 39, 246654
2026/06/09 22:13:47.953, 3, 447.91, 100, 39, 246654
2026/06/09 22:13:48.953, 0, 239.69, 0, 34, 248262
2026/06/09 22:13:48.953, 1, 236.13, 0, 34, 248262
2026/06/09 22:13:48.953, 2, 447.04, 100, 39, 246654
2026/06/09 22:13:48.953, 3, 449.83, 100, 39, 246654
2026/06/09 22:13:49.953, 0, 239.51, 0, 34, 248262
2026/06/09 22:13:49.953, 1, 236.40, 0, 34, 248262
2026/06/09 22:13:49.953, 2, 448.89, 100, 39, 246654
2026/06/09 22:13:49.953, 3, 451.86, 100, 39, 246654
2026/06/09 22:13:50.954, 0, 239.36, 0, 34, 248262
2026/06/09 22:13:50.954, 1, 236.23, 0, 34, 248262
2026/06/09 22:13:50.954, 2, 444.57, 100, 39, 246654
2026/06/09 22:13:50.954, 3, 446.34, 100, 39, 246654
2026/06/09 22:13:51.954, 0, 239.21, 0, 34, 248262
2026/06/09 22:13:51.954, 1, 236.32, 0, 34, 248262
2026/06/09 22:13:51.954, 2, 443.82, 100, 39, 246654
2026/06/09 22:13:51.954, 3, 445.07, 100, 39, 246654
2026/06/09 22:13:52.954, 0, 273.60, 0, 34, 248262
2026/06/09 22:13:52.954, 1, 289.20, 0, 34, 248262
2026/06/09 22:13:52.954, 2, 443.53, 100, 39, 246654
2026/06/09 22:13:52.954, 3, 447.08, 100, 39, 246654
2026/06/09 22:13:53.954, 0, 239.50, 0, 34, 248262
2026/06/09 22:13:53.954, 1, 236.57, 0, 34, 248262
2026/06/09 22:13:53.954, 2, 448.72, 100, 39, 246654
2026/06/09 22:13:53.955, 3, 449.39, 100, 39, 246654
2026/06/09 22:13:54.955, 0, 239.39, 0, 34, 248262
2026/06/09 22:13:54.955, 1, 237.09, 0, 34, 248262
2026/06/09 22:13:54.955, 2, 449.23, 100, 39, 246654
2026/06/09 22:13:54.955, 3, 451.94, 100, 39, 246654
2026/06/09 22:13:55.955, 0, 239.46, 0, 34, 248262
2026/06/09 22:13:55.955, 1, 236.57, 0, 34, 248262
2026/06/09 22:13:55.955, 2, 448.23, 100, 39, 246654
2026/06/09 22:13:55.955, 3, 449.14, 100, 39, 246654
2026/06/09 22:13:56.955, 0, 238.91, 0, 34, 248262
2026/06/09 22:13:56.955, 1, 236.54, 0, 34, 248262
2026/06/09 22:13:56.955, 2, 447.11, 100, 39, 246654
2026/06/09 22:13:56.955, 3, 448.65, 100, 39, 246654
2026/06/09 22:13:57.955, 0, 239.52, 0, 34, 248262
2026/06/09 22:13:57.956, 1, 236.35, 0, 34, 248262
2026/06/09 22:13:57.956, 2, 449.68, 100, 39, 246654
2026/06/09 22:13:57.956, 3, 452.04, 100, 39, 246654
2026/06/09 22:13:58.956, 0, 239.61, 0, 34, 248262
2026/06/09 22:13:58.956, 1, 236.64, 0, 34, 248262
2026/06/09 22:13:58.956, 2, 449.16, 100, 39, 246654
2026/06/09 22:13:58.956, 3, 447.22, 100, 39, 246654
2026/06/09 22:13:59.956, 0, 239.36, 0, 34, 248262
2026/06/09 22:13:59.956, 1, 236.79, 0, 34, 248262
2026/06/09 22:13:59.956, 2, 447.66, 100, 39, 246654
2026/06/09 22:13:59.956, 3, 448.88, 100, 39, 246654
2026/06/09 22:14:00.956, 0, 238.98, 0, 34, 248262
2026/06/09 22:14:00.956, 1, 236.40, 0, 34, 248262
2026/06/09 22:14:00.956, 2, 449.55, 100, 39, 246654
2026/06/09 22:14:00.956, 3, 450.74, 100, 39, 246654
2026/06/09 22:14:01.957, 0, 238.93, 0, 34, 248262
2026/06/09 22:14:01.957, 1, 236.55, 0, 34, 248262
2026/06/09 22:14:01.957, 2, 449.23, 100, 39, 246654
2026/06/09 22:14:01.957, 3, 450.63, 100, 39, 246654
2026/06/09 22:14:02.957, 0, 239.39, 0, 34, 248262
2026/06/09 22:14:02.957, 1, 236.32, 0, 34, 248262
2026/06/09 22:14:02.957, 2, 448.52, 100, 39, 246654
2026/06/09 22:14:02.957, 3, 450.31, 100, 39, 246654
2026/06/09 22:14:03.957, 0, 239.15, 0, 34, 248262
2026/06/09 22:14:03.957, 1, 236.48, 0, 34, 248262
2026/06/09 22:14:03.957, 2, 446.56, 100, 39, 246654
2026/06/09 22:14:03.957, 3, 449.27, 100, 39, 246654
2026/06/09 22:14:04.957, 0, 238.45, 0, 34, 248262
2026/06/09 22:14:04.957, 1, 236.23, 0, 34, 248262
2026/06/09 22:14:04.958, 2, 448.98, 100, 39, 246654
2026/06/09 22:14:04.958, 3, 449.33, 100, 39, 246654
2026/06/09 22:14:05.958, 0, 238.60, 0, 34, 248262
2026/06/09 22:14:05.958, 1, 236.67, 0, 34, 248262
2026/06/09 22:14:05.958, 2, 448.47, 100, 39, 246654
2026/06/09 22:14:05.958, 3, 449.69, 100, 39, 246654
2026/06/09 22:14:06.958, 0, 238.84, 0, 34, 248262
2026/06/09 22:14:06.958, 1, 236.20, 0, 34, 248262
2026/06/09 22:14:06.958, 2, 447.60, 100, 39, 246654
2026/06/09 22:14:06.958, 3, 448.84, 100, 39, 246654
2026/06/09 22:14:07.958, 0, 239.75, 0, 34, 248262
2026/06/09 22:14:07.958, 1, 237.08, 0, 34, 248262
2026/06/09 22:14:07.958, 2, 447.02, 100, 39, 246654
2026/06/09 22:14:07.958, 3, 447.00, 100, 39, 246654
2026/06/09 22:14:08.958, 0, 238.92, 0, 34, 248262
2026/06/09 22:14:08.958, 1, 236.85, 0, 34, 248262
2026/06/09 22:14:08.959, 2, 448.45, 100, 39, 246654
2026/06/09 22:14:08.959, 3, 447.59, 100, 39, 246654
2026/06/09 22:14:09.959, 0, 249.24, 0, 34, 248262
2026/06/09 22:14:09.959, 1, 256.67, 0, 34, 248262
2026/06/09 22:14:09.959, 2, 445.92, 100, 39, 246654
2026/06/09 22:14:09.959, 3, 446.33, 100, 39, 246654
2026/06/09 22:14:10.959, 0, 263.19, 2, 34, 248262
2026/06/09 22:14:10.959, 1, 240.89, 0, 34, 248262
2026/06/09 22:14:10.959, 2, 445.36, 100, 39, 246654
2026/06/09 22:14:10.959, 3, 445.89, 100, 39, 246654
2026/06/09 22:14:11.959, 0, 245.79, 0, 34, 248262
2026/06/09 22:14:11.959, 1, 244.16, 0, 34, 248262
2026/06/09 22:14:11.959, 2, 447.80, 100, 39, 246654
2026/06/09 22:14:11.959, 3, 445.73, 100, 39, 246654
2026/06/09 22:14:12.959, 0, 239.16, 0, 34, 248262
2026/06/09 22:14:12.960, 1, 236.39, 0, 34, 248262
2026/06/09 22:14:12.960, 2, 446.38, 100, 39, 246654
2026/06/09 22:14:12.960, 3, 447.56, 100, 39, 246654
2026/06/09 22:14:13.960, 0, 260.38, 0, 34, 248262
2026/06/09 22:14:13.960, 1, 257.82, 4, 34, 248262
2026/06/09 22:14:13.960, 2, 444.80, 100, 38, 246654
2026/06/09 22:14:13.960, 3, 445.81, 98, 39, 246654
2026/06/09 22:14:14.960, 0, 240.26, 0, 34, 248262
2026/06/09 22:14:14.960, 1, 236.22, 0, 34, 248262
2026/06/09 22:14:14.960, 2, 443.65, 100, 38, 246654
2026/06/09 22:14:14.960, 3, 444.91, 100, 39, 246654
2026/06/09 22:14:15.960, 0, 239.55, 0, 34, 248262
2026/06/09 22:14:15.960, 1, 236.09, 0, 34, 248262
2026/06/09 22:14:15.960, 2, 445.24, 100, 39, 246654
2026/06/09 22:14:15.961, 3, 445.11, 100, 39, 246654
2026/06/09 22:14:16.961, 0, 264.56, 0, 34, 248262
2026/06/09 22:14:16.961, 1, 260.66, 0, 34, 248262
2026/06/09 22:14:16.961, 2, 444.25, 100, 39, 246654
2026/06/09 22:14:16.961, 3, 446.62, 100, 39, 246654
2026/06/09 22:14:17.961, 0, 239.21, 0, 34, 248262
2026/06/09 22:14:17.961, 1, 236.81, 0, 34, 248262
2026/06/09 22:14:17.961, 2, 442.50, 100, 39, 246654
2026/06/09 22:14:17.961, 3, 444.66, 100, 39, 246654
2026/06/09 22:14:18.961, 0, 239.37, 0, 34, 248262
2026/06/09 22:14:18.961, 1, 236.11, 0, 34, 248262
2026/06/09 22:14:18.961, 2, 444.36, 100, 39, 246654
2026/06/09 22:14:18.961, 3, 444.13, 100, 39, 246654
2026/06/09 22:14:19.961, 0, 252.02, 0, 34, 248262
2026/06/09 22:14:19.962, 1, 264.36, 0, 34, 248262
2026/06/09 22:14:19.962, 2, 442.62, 100, 39, 246654
2026/06/09 22:14:19.962, 3, 445.23, 100, 39, 246654
2026/06/09 22:14:20.962, 0, 239.14, 0, 34, 248262
2026/06/09 22:14:20.962, 1, 236.69, 0, 34, 248262
2026/06/09 22:14:20.962, 2, 445.67, 100, 39, 246654
2026/06/09 22:14:20.962, 3, 448.01, 100, 39, 246654
2026/06/09 22:14:21.962, 0, 238.75, 0, 34, 248262
2026/06/09 22:14:21.962, 1, 236.54, 0, 34, 248262
2026/06/09 22:14:21.962, 2, 447.21, 100, 39, 246654
2026/06/09 22:14:21.962, 3, 447.99, 100, 39, 246654
2026/06/09 22:14:22.962, 0, 239.41, 0, 34, 248262
2026/06/09 22:14:22.962, 1, 236.05, 0, 34, 248262
2026/06/09 22:14:22.962, 2, 446.90, 100, 39, 246654
2026/06/09 22:14:22.962, 3, 446.03, 100, 39, 246654
2026/06/09 22:14:23.963, 0, 264.62, 0, 34, 248262
2026/06/09 22:14:23.963, 1, 263.97, 0, 34, 248262
2026/06/09 22:14:23.963, 2, 444.96, 100, 39, 246654
2026/06/09 22:14:23.963, 3, 443.87, 98, 39, 246654
2026/06/09 22:14:24.963, 0, 285.40, 0, 34, 248262
2026/06/09 22:14:24.963, 1, 272.83, 0, 34, 248262
2026/06/09 22:14:24.963, 2, 430.72, 100, 38, 246654
2026/06/09 22:14:24.963, 3, 431.98, 100, 39, 246654
2026/06/09 22:14:25.963, 0, 281.04, 0, 34, 248262
2026/06/09 22:14:25.963, 1, 253.52, 0, 34, 248262
2026/06/09 22:14:25.963, 2, 444.26, 100, 39, 246654
2026/06/09 22:14:25.963, 3, 448.14, 100, 39, 246654
2026/06/09 22:14:26.963, 0, 254.77, 0, 34, 248262
2026/06/09 22:14:26.963, 1, 263.74, 0, 34, 248262
2026/06/09 22:14:26.964, 2, 445.91, 100, 39, 246654
2026/06/09 22:14:26.964, 3, 448.06, 100, 39, 246654
2026/06/09 22:14:27.964, 0, 268.80, 0, 34, 248262
2026/06/09 22:14:27.964, 1, 248.68, 0, 34, 248262
2026/06/09 22:14:27.964, 2, 443.77, 100, 39, 246654
2026/06/09 22:14:27.964, 3, 443.93, 100, 39, 246654
2026/06/09 22:14:28.964, 0, 239.63, 0, 34, 248262
2026/06/09 22:14:28.964, 1, 236.24, 0, 34, 248262
2026/06/09 22:14:28.964, 2, 445.65, 100, 39, 246654
2026/06/09 22:14:28.964, 3, 447.44, 100, 39, 246654
2026/06/09 22:14:29.964, 0, 239.56, 0, 34, 248262
2026/06/09 22:14:29.964, 1, 236.36, 0, 34, 248262
2026/06/09 22:14:29.964, 2, 446.70, 100, 39, 246654
2026/06/09 22:14:29.964, 3, 448.48, 100, 39, 246654
2026/06/09 22:14:30.965, 0, 239.24, 0, 34, 248262
2026/06/09 22:14:30.965, 1, 236.91, 0, 34, 248262
2026/06/09 22:14:30.965, 2, 445.37, 100, 39, 246654
2026/06/09 22:14:30.965, 3, 446.14, 100, 39, 246654
2026/06/09 22:14:31.965, 0, 268.12, 78, 35, 248262
2026/06/09 22:14:31.965, 1, 249.35, 25, 35, 248262
2026/06/09 22:14:31.965, 2, 444.78, 98, 39, 246654
2026/06/09 22:14:31.965, 3, 445.87, 100, 39, 246654
2026/06/09 22:14:32.965, 0, 261.98, 1, 34, 248262
2026/06/09 22:14:32.965, 1, 245.52, 11, 34, 248262
2026/06/09 22:14:32.965, 2, 444.78, 100, 39, 246654
2026/06/09 22:14:32.965, 3, 446.15, 99, 39, 246654
2026/06/09 22:14:33.965, 0, 239.05, 0, 34, 248262
2026/06/09 22:14:33.965, 1, 235.76, 0, 34, 248262
2026/06/09 22:14:33.965, 2, 448.11, 100, 39, 246654
2026/06/09 22:14:33.965, 3, 447.24, 100, 39, 246654
2026/06/09 22:14:34.966, 0, 239.22, 0, 34, 248262
2026/06/09 22:14:34.966, 1, 236.19, 0, 34, 248262
2026/06/09 22:14:34.966, 2, 446.66, 100, 39, 246654
2026/06/09 22:14:34.966, 3, 448.09, 100, 39, 246654
2026/06/09 22:14:35.966, 0, 260.40, 0, 34, 248262
2026/06/09 22:14:35.966, 1, 256.31, 0, 34, 248262
2026/06/09 22:14:35.966, 2, 445.40, 100, 39, 246654
2026/06/09 22:14:35.966, 3, 446.23, 98, 39, 246654
2026/06/09 22:14:36.966, 0, 248.48, 0, 34, 248262
2026/06/09 22:14:36.966, 1, 237.35, 0, 34, 248262
2026/06/09 22:14:36.966, 2, 445.89, 100, 38, 246654
2026/06/09 22:14:36.966, 3, 444.53, 100, 39, 246654
2026/06/09 22:14:37.966, 0, 257.69, 0, 34, 248262
2026/06/09 22:14:37.966, 1, 245.72, 0, 34, 248262
2026/06/09 22:14:37.966, 2, 443.00, 100, 38, 246654
2026/06/09 22:14:37.966, 3, 444.22, 100, 39, 246654
2026/06/09 22:14:38.967, 0, 261.19, 0, 34, 248262
2026/06/09 22:14:38.967, 1, 246.74, 0, 34, 248262
2026/06/09 22:14:38.967, 2, 444.14, 100, 38, 246654
2026/06/09 22:14:38.967, 3, 446.63, 100, 39, 246654
2026/06/09 22:14:39.967, 0, 255.53, 0, 34, 248262
2026/06/09 22:14:39.967, 1, 251.52, 0, 34, 248262
2026/06/09 22:14:39.967, 2, 443.25, 100, 38, 246654
2026/06/09 22:14:39.967, 3, 447.13, 100, 39, 246654
2026/06/09 22:14:40.967, 0, 239.53, 0, 34, 248262
2026/06/09 22:14:40.967, 1, 235.95, 0, 33, 248262
2026/06/09 22:14:40.967, 2, 446.19, 100, 38, 246654
2026/06/09 22:14:40.967, 3, 448.05, 100, 39, 246654
2026/06/09 22:14:41.967, 0, 238.93, 0, 33, 248262
2026/06/09 22:14:41.967, 1, 235.50, 0, 33, 248262
2026/06/09 22:14:41.967, 2, 446.22, 100, 38, 246654
2026/06/09 22:14:41.967, 3, 447.98, 100, 39, 246654
2026/06/09 22:14:42.968, 0, 261.21, 0, 33, 248262
2026/06/09 22:14:42.968, 1, 242.09, 0, 33, 248262
2026/06/09 22:14:42.968, 2, 446.80, 100, 38, 246654
2026/06/09 22:14:42.968, 3, 446.91, 100, 38, 246654
2026/06/09 22:14:43.968, 0, 260.51, 0, 34, 248262
2026/06/09 22:14:43.968, 1, 250.00, 0, 33, 248262
2026/06/09 22:14:43.968, 2, 445.38, 100, 38, 246654
2026/06/09 22:14:43.968, 3, 447.12, 100, 38, 246654
2026/06/09 22:14:44.968, 0, 238.83, 0, 33, 248262
2026/06/09 22:14:44.968, 1, 236.07, 0, 33, 248262
2026/06/09 22:14:44.968, 2, 446.13, 100, 38, 246654
2026/06/09 22:14:44.968, 3, 448.63, 100, 38, 246654
2026/06/09 22:14:45.969, 0, 239.17, 0, 33, 248262
2026/06/09 22:14:45.969, 1, 236.47, 0, 33, 248262
2026/06/09 22:14:45.969, 2, 448.05, 100, 38, 246654
2026/06/09 22:14:45.969, 3, 449.77, 100, 39, 246654
2026/06/09 22:14:46.969, 0, 238.77, 0, 33, 248262
2026/06/09 22:14:46.969, 1, 235.87, 0, 33, 248262
2026/06/09 22:14:46.969, 2, 447.57, 100, 38, 246654
2026/06/09 22:14:46.969, 3, 449.90, 100, 38, 246654
2026/06/09 22:14:47.969, 0, 238.60, 0, 33, 248262
2026/06/09 22:14:47.969, 1, 235.83, 0, 33, 248262
2026/06/09 22:14:47.969, 2, 448.90, 100, 38, 246654
2026/06/09 22:14:47.969, 3, 448.53, 100, 39, 246654
2026/06/09 22:14:48.969, 0, 239.00, 0, 33, 248262
2026/06/09 22:14:48.969, 1, 236.10, 0, 33, 248262
2026/06/09 22:14:48.969, 2, 447.83, 100, 38, 246654
2026/06/09 22:14:48.969, 3, 448.99, 100, 38, 246654
2026/06/09 22:14:49.970, 0, 238.60, 0, 33, 248262
2026/06/09 22:14:49.970, 1, 236.15, 0, 33, 248262
2026/06/09 22:14:49.970, 2, 447.90, 100, 38, 246654
2026/06/09 22:14:49.970, 3, 449.97, 100, 38, 246654
2026/06/09 22:14:50.970, 0, 238.90, 0, 33, 248262
2026/06/09 22:14:50.970, 1, 236.25, 0, 33, 248262
2026/06/09 22:14:50.970, 2, 448.47, 100, 38, 246654
2026/06/09 22:14:50.970, 3, 449.44, 100, 38, 246654
2026/06/09 22:14:51.970, 0, 238.60, 0, 33, 248262
2026/06/09 22:14:51.970, 1, 236.14, 0, 33, 248262
2026/06/09 22:14:51.970, 2, 449.94, 100, 38, 246654
2026/06/09 22:14:51.970, 3, 450.93, 100, 38, 246654
2026/06/09 22:14:52.970, 0, 238.68, 0, 33, 248262
2026/06/09 22:14:52.970, 1, 236.29, 0, 33, 248262
2026/06/09 22:14:52.970, 2, 449.40, 100, 38, 246654
2026/06/09 22:14:52.971, 3, 449.65, 100, 38, 246654
2026/06/09 22:14:53.971, 0, 302.37, 18, 35, 248262
2026/06/09 22:14:53.971, 1, 262.39, 19, 34, 248262
2026/06/09 22:14:53.971, 2, 443.50, 100, 38, 246654
2026/06/09 22:14:53.971, 3, 446.23, 100, 38, 246654
2026/06/09 22:14:54.971, 0, 242.51, 0, 33, 248262
2026/06/09 22:14:54.971, 1, 236.17, 0, 33, 248262
2026/06/09 22:14:54.971, 2, 444.39, 100, 38, 246654
2026/06/09 22:14:54.971, 3, 444.95, 100, 38, 246654
2026/06/09 22:14:55.971, 0, 258.28, 0, 33, 248262
2026/06/09 22:14:55.971, 1, 254.12, 0, 33, 248262
2026/06/09 22:14:55.971, 2, 443.95, 100, 38, 246654
2026/06/09 22:14:55.971, 3, 445.80, 100, 38, 246654
2026/06/09 22:14:56.971, 0, 238.89, 0, 33, 248262
2026/06/09 22:14:56.972, 1, 235.66, 0, 33, 248262
2026/06/09 22:14:56.972, 2, 445.59, 100, 38, 246654
2026/06/09 22:14:56.972, 3, 446.12, 100, 38, 246654
2026/06/09 22:14:57.972, 0, 238.84, 0, 33, 248262
2026/06/09 22:14:57.972, 1, 235.64, 0, 33, 248262
2026/06/09 22:14:57.972, 2, 446.74, 100, 38, 246654
2026/06/09 22:14:57.972, 3, 445.11, 100, 38, 246654
2026/06/09 22:14:58.972, 0, 238.59, 0, 33, 248262
2026/06/09 22:14:58.972, 1, 235.78, 0, 33, 248262
2026/06/09 22:14:58.972, 2, 446.60, 100, 38, 246654
2026/06/09 22:14:58.972, 3, 446.77, 100, 38, 246654
2026/06/09 22:14:59.972, 0, 238.53, 0, 33, 248262
2026/06/09 22:14:59.972, 1, 235.99, 0, 33, 248262
2026/06/09 22:14:59.972, 2, 447.65, 100, 38, 246654
2026/06/09 22:14:59.972, 3, 448.82, 100, 38, 246654
2026/06/09 22:15:00.972, 0, 287.11, 27, 36, 248262
2026/06/09 22:15:00.973, 1, 285.45, 17, 35, 248262
2026/06/09 22:15:00.973, 2, 444.16, 100, 38, 246654
2026/06/09 22:15:00.973, 3, 445.98, 100, 38, 246654
2026/06/09 22:15:01.973, 0, 265.63, 0, 34, 248262
2026/06/09 22:15:01.973, 1, 276.63, 0, 34, 248262
2026/06/09 22:15:01.973, 2, 442.17, 100, 38, 246654
2026/06/09 22:15:01.973, 3, 445.60, 100, 38, 246654
2026/06/09 22:15:02.973, 0, 239.11, 0, 33, 248262
2026/06/09 22:15:02.973, 1, 236.04, 0, 33, 248262
2026/06/09 22:15:02.973, 2, 446.36, 100, 38, 246654
2026/06/09 22:15:02.973, 3, 445.86, 100, 38, 246654
2026/06/09 22:15:03.973, 0, 238.37, 0, 33, 248262
2026/06/09 22:15:03.973, 1, 236.02, 0, 33, 248262
2026/06/09 22:15:03.973, 2, 447.52, 100, 38, 246654
2026/06/09 22:15:03.974, 3, 448.25, 100, 38, 246654
2026/06/09 22:15:04.974, 0, 238.74, 0, 33, 248262
2026/06/09 22:15:04.974, 1, 236.18, 0, 33, 248262
2026/06/09 22:15:04.974, 2, 446.16, 100, 38, 246654
2026/06/09 22:15:04.974, 3, 445.51, 100, 38, 246654
2026/06/09 22:15:05.974, 0, 238.90, 0, 33, 248262
2026/06/09 22:15:05.974, 1, 235.39, 0, 33, 248262
2026/06/09 22:15:05.974, 2, 447.51, 100, 38, 246654
2026/06/09 22:15:05.974, 3, 445.66, 100, 38, 246654
2026/06/09 22:15:06.974, 0, 305.52, 16, 35, 248262
2026/06/09 22:15:06.974, 1, 259.53, 0, 33, 248262
2026/06/09 22:15:06.974, 2, 445.59, 100, 38, 246654
2026/06/09 22:15:06.974, 3, 444.77, 100, 38, 246654
2026/06/09 22:15:07.974, 0, 280.40, 0, 34, 248262
2026/06/09 22:15:07.975, 1, 254.18, 0, 33, 248262
2026/06/09 22:15:07.975, 2, 444.71, 100, 38, 246654
2026/06/09 22:15:07.975, 3, 446.60, 100, 38, 246654
2026/06/09 22:15:08.975, 0, 263.20, 0, 34, 248262
2026/06/09 22:15:08.975, 1, 246.97, 0, 33, 248262
2026/06/09 22:15:08.975, 2, 445.02, 100, 38, 246654
2026/06/09 22:15:08.975, 3, 446.63, 100, 38, 246654
2026/06/09 22:15:09.975, 0, 238.81, 0, 33, 248262
2026/06/09 22:15:09.975, 1, 236.29, 0, 33, 248262
2026/06/09 22:15:09.975, 2, 445.98, 100, 38, 246654
2026/06/09 22:15:09.975, 3, 446.80, 100, 38, 246654
2026/06/09 22:15:10.975, 0, 238.74, 0, 33, 248262
2026/06/09 22:15:10.975, 1, 235.98, 0, 33, 248262
2026/06/09 22:15:10.975, 2, 447.76, 100, 38, 246654
2026/06/09 22:15:10.975, 3, 448.44, 100, 38, 246654
2026/06/09 22:15:11.975, 0, 238.91, 0, 33, 248262
2026/06/09 22:15:11.976, 1, 236.02, 0, 33, 248262
2026/06/09 22:15:11.976, 2, 444.91, 100, 38, 246654
2026/06/09 22:15:11.976, 3, 446.71, 100, 38, 246654
2026/06/09 22:15:12.976, 0, 265.72, 0, 33, 248262
2026/06/09 22:15:12.976, 1, 247.58, 0, 33, 248262
2026/06/09 22:15:12.976, 2, 444.24, 100, 38, 246654
2026/06/09 22:15:12.976, 3, 446.53, 100, 38, 246654
2026/06/09 22:15:13.976, 0, 264.26, 0, 33, 248262
2026/06/09 22:15:13.976, 1, 248.62, 0, 33, 248262
2026/06/09 22:15:13.976, 2, 446.07, 100, 38, 246654
2026/06/09 22:15:13.976, 3, 446.98, 100, 38, 246654
2026/06/09 22:15:14.976, 0, 239.31, 0, 33, 248262
2026/06/09 22:15:14.977, 1, 235.48, 0, 33, 248262
2026/06/09 22:15:14.977, 2, 446.90, 100, 38, 246654
2026/06/09 22:15:14.977, 3, 447.23, 100, 38, 246654
2026/06/09 22:15:15.977, 0, 251.74, 27, 33, 248262
2026/06/09 22:15:15.977, 1, 268.83, 76, 36, 248262
2026/06/09 22:15:15.977, 2, 443.11, 100, 38, 246654
2026/06/09 22:15:15.977, 3, 443.89, 98, 38, 246654
2026/06/09 22:15:16.977, 0, 239.06, 0, 33, 248262
2026/06/09 22:15:16.977, 1, 236.02, 0, 33, 248262
2026/06/09 22:15:16.977, 2, 448.93, 100, 38, 246654
2026/06/09 22:15:16.977, 3, 447.88, 100, 38, 246654
2026/06/09 22:15:17.977, 0, 238.95, 0, 33, 248262
2026/06/09 22:15:17.977, 1, 235.68, 0, 33, 248262
2026/06/09 22:15:17.977, 2, 446.85, 100, 38, 246654
2026/06/09 22:15:17.977, 3, 446.71, 100, 38, 246654
2026/06/09 22:15:18.978, 0, 267.67, 0, 33, 248262
2026/06/09 22:15:18.978, 1, 249.51, 0, 33, 248262
2026/06/09 22:15:18.978, 2, 446.95, 100, 38, 246654
2026/06/09 22:15:18.978, 3, 447.59, 100, 38, 246654
2026/06/09 22:15:19.978, 0, 275.37, 0, 34, 248262
2026/06/09 22:15:19.978, 1, 252.55, 0, 33, 248262
2026/06/09 22:15:19.978, 2, 448.11, 100, 38, 246654
2026/06/09 22:15:19.978, 3, 450.39, 100, 38, 246654
2026/06/09 22:15:20.978, 0, 239.52, 0, 33, 248262
2026/06/09 22:15:20.978, 1, 236.02, 0, 33, 248262
2026/06/09 22:15:20.978, 2, 447.80, 100, 38, 246654
2026/06/09 22:15:20.978, 3, 449.41, 100, 38, 246654
2026/06/09 22:15:21.978, 0, 243.79, 0, 35, 248262
2026/06/09 22:15:21.979, 1, 236.02, 0, 33, 248262
2026/06/09 22:15:21.979, 2, 443.87, 100, 38, 246654
2026/06/09 22:15:21.979, 3, 443.65, 100, 38, 246654
2026/06/09 22:15:22.979, 0, 258.78, 0, 33, 248262
2026/06/09 22:15:22.979, 1, 258.45, 0, 33, 248262
2026/06/09 22:15:22.979, 2, 445.84, 100, 38, 246654
2026/06/09 22:15:22.979, 3, 445.52, 100, 38, 246654
2026/06/09 22:15:23.979, 0, 238.88, 0, 33, 248262
2026/06/09 22:15:23.979, 1, 236.13, 0, 33, 248262
2026/06/09 22:15:23.979, 2, 444.59, 100, 38, 246654
2026/06/09 22:15:23.979, 3, 445.24, 100, 38, 246654
2026/06/09 22:15:24.979, 0, 238.45, 0, 33, 248262
2026/06/09 22:15:24.979, 1, 235.98, 0, 33, 248262
2026/06/09 22:15:24.979, 2, 443.44, 100, 38, 246654
2026/06/09 22:15:24.979, 3, 444.78, 100, 38, 246654
2026/06/09 22:15:25.980, 0, 239.20, 0, 33, 248262
2026/06/09 22:15:25.980, 1, 235.66, 0, 33, 248262
2026/06/09 22:15:25.980, 2, 445.82, 100, 38, 246654
2026/06/09 22:15:25.980, 3, 445.90, 100, 38, 246654
2026/06/09 22:15:26.980, 0, 239.12, 0, 33, 248262
2026/06/09 22:15:26.980, 1, 235.88, 0, 33, 248262
2026/06/09 22:15:26.980, 2, 445.26, 100, 38, 246654
2026/06/09 22:15:26.980, 3, 446.70, 100, 38, 246654
2026/06/09 22:15:27.980, 0, 239.23, 0, 33, 248262
2026/06/09 22:15:27.980, 1, 235.90, 0, 33, 248262
2026/06/09 22:15:27.980, 2, 444.91, 100, 38, 246654
2026/06/09 22:15:27.980, 3, 445.53, 100, 38, 246654
2026/06/09 22:15:28.980, 0, 239.37, 0, 33, 248262
2026/06/09 22:15:28.980, 1, 236.23, 0, 33, 248262
2026/06/09 22:15:28.980, 2, 444.80, 100, 38, 246654
2026/06/09 22:15:28.981, 3, 444.84, 100, 38, 246654
2026/06/09 22:15:29.981, 0, 239.31, 0, 33, 248262
2026/06/09 22:15:29.981, 1, 236.46, 0, 33, 248262
2026/06/09 22:15:29.981, 2, 444.84, 100, 38, 246654
2026/06/09 22:15:29.981, 3, 446.22, 100, 39, 246654
2026/06/09 22:15:30.981, 0, 260.76, 0, 34, 248262
2026/06/09 22:15:30.981, 1, 246.19, 9, 34, 248262
2026/06/09 22:15:30.981, 2, 444.56, 98, 38, 246654
2026/06/09 22:15:30.981, 3, 446.44, 98, 39, 246654
2026/06/09 22:15:31.981, 0, 253.93, 0, 34, 248262
2026/06/09 22:15:31.981, 1, 260.72, 45, 34, 248262
2026/06/09 22:15:31.981, 2, 448.34, 100, 38, 246654
2026/06/09 22:15:31.981, 3, 447.57, 98, 39, 246654
2026/06/09 22:15:32.981, 0, 253.52, 0, 34, 248262
2026/06/09 22:15:32.982, 1, 247.52, 20, 34, 248262
2026/06/09 22:15:32.982, 2, 446.55, 100, 38, 246654
2026/06/09 22:15:32.982, 3, 446.66, 98, 39, 246654
2026/06/09 22:15:33.982, 0, 288.44, 0, 37, 248262
2026/06/09 22:15:33.982, 1, 250.32, 0, 34, 248262
2026/06/09 22:15:33.982, 2, 442.34, 100, 39, 246654
2026/06/09 22:15:33.982, 3, 441.54, 100, 39, 246654
2026/06/09 22:15:34.982, 0, 276.01, 0, 34, 248262
2026/06/09 22:15:34.982, 1, 252.19, 0, 34, 248262
2026/06/09 22:15:34.982, 2, 440.33, 100, 38, 246654
2026/06/09 22:15:34.982, 3, 444.89, 100, 39, 246654
2026/06/09 22:15:35.982, 0, 239.32, 0, 34, 248262
2026/06/09 22:15:35.983, 1, 236.10, 0, 34, 248262
2026/06/09 22:15:35.983, 2, 438.53, 100, 38, 246654
2026/06/09 22:15:35.983, 3, 441.86, 100, 39, 246654
2026/06/09 22:15:36.983, 0, 238.93, 0, 34, 248262
2026/06/09 22:15:36.983, 1, 236.58, 0, 34, 248262
2026/06/09 22:15:36.983, 2, 443.31, 100, 38, 246654
2026/06/09 22:15:36.983, 3, 443.05, 100, 39, 246654
2026/06/09 22:15:37.983, 0, 239.29, 0, 34, 248262
2026/06/09 22:15:37.983, 1, 235.98, 0, 34, 248262
2026/06/09 22:15:37.983, 2, 443.85, 100, 38, 246654
2026/06/09 22:15:37.983, 3, 442.83, 100, 39, 246654
2026/06/09 22:15:38.983, 0, 239.90, 0, 34, 248262
2026/06/09 22:15:38.983, 1, 236.93, 0, 34, 248262
2026/06/09 22:15:38.983, 2, 440.75, 100, 38, 246654
2026/06/09 22:15:38.983, 3, 443.85, 100, 39, 246654
2026/06/09 22:15:39.983, 0, 239.40, 0, 34, 248262
2026/06/09 22:15:39.984, 1, 235.49, 0, 34, 248262
2026/06/09 22:15:39.984, 2, 442.31, 100, 38, 246654
2026/06/09 22:15:39.984, 3, 442.67, 100, 39, 246654
2026/06/09 22:15:40.984, 0, 239.43, 0, 34, 248262
2026/06/09 22:15:40.984, 1, 235.75, 0, 34, 248262
2026/06/09 22:15:40.984, 2, 438.33, 100, 38, 246654
2026/06/09 22:15:40.984, 3, 439.44, 100, 39, 246654
2026/06/09 22:15:41.984, 0, 239.71, 0, 34, 248262
2026/06/09 22:15:41.984, 1, 235.97, 0, 34, 248262
2026/06/09 22:15:41.984, 2, 442.73, 100, 38, 246654
2026/06/09 22:15:41.984, 3, 441.79, 100, 39, 246654
2026/06/09 22:15:42.984, 0, 261.60, 0, 34, 248262
2026/06/09 22:15:42.984, 1, 246.16, 0, 34, 248262
2026/06/09 22:15:42.985, 2, 440.85, 100, 38, 246654
2026/06/09 22:15:42.985, 3, 441.49, 100, 39, 246654
2026/06/09 22:15:43.985, 0, 253.94, 0, 34, 248262
2026/06/09 22:15:43.986, 1, 265.60, 61, 34, 248262
2026/06/09 22:15:43.986, 2, 441.52, 100, 39, 246654
2026/06/09 22:15:43.986, 3, 440.63, 98, 39, 246654
2026/06/09 22:15:44.986, 0, 239.94, 0, 34, 248262
2026/06/09 22:15:44.986, 1, 236.76, 0, 34, 248262
2026/06/09 22:15:44.986, 2, 440.26, 100, 39, 246654
2026/06/09 22:15:44.986, 3, 439.36, 100, 39, 246654
2026/06/09 22:15:45.986, 0, 239.88, 0, 34, 248262
2026/06/09 22:15:45.987, 1, 236.21, 0, 34, 248262
2026/06/09 22:15:45.987, 2, 441.10, 100, 39, 246654
2026/06/09 22:15:45.987, 3, 439.44, 100, 39, 246654
2026/06/09 22:15:46.987, 0, 239.97, 0, 34, 248262
2026/06/09 22:15:46.987, 1, 235.61, 0, 34, 248262
2026/06/09 22:15:46.987, 2, 441.72, 100, 39, 246654
2026/06/09 22:15:46.987, 3, 441.62, 100, 39, 246654
2026/06/09 22:15:47.987, 0, 239.95, 0, 34, 248262
2026/06/09 22:15:47.987, 1, 236.38, 0, 34, 248262
2026/06/09 22:15:47.987, 2, 441.31, 100, 39, 246654
2026/06/09 22:15:47.987, 3, 441.22, 100, 39, 246654
2026/06/09 22:15:48.987, 0, 239.54, 0, 34, 248262
2026/06/09 22:15:48.987, 1, 236.38, 0, 34, 248262
2026/06/09 22:15:48.987, 2, 440.67, 100, 39, 246654
2026/06/09 22:15:48.988, 3, 442.58, 100, 39, 246654
2026/06/09 22:15:49.988, 0, 239.14, 0, 34, 248262
2026/06/09 22:15:49.988, 1, 236.98, 0, 34, 248262
2026/06/09 22:15:49.988, 2, 442.05, 100, 39, 246654
2026/06/09 22:15:49.988, 3, 441.84, 100, 39, 246654
2026/06/09 22:15:50.988, 0, 239.19, 0, 34, 248262
2026/06/09 22:15:50.988, 1, 235.86, 0, 34, 248262
2026/06/09 22:15:50.988, 2, 439.94, 100, 39, 246654
2026/06/09 22:15:50.988, 3, 442.59, 100, 39, 246654
2026/06/09 22:15:51.988, 0, 264.68, 0, 34, 248262
2026/06/09 22:15:51.988, 1, 261.27, 0, 34, 248262
2026/06/09 22:15:51.988, 2, 440.53, 100, 39, 246654
2026/06/09 22:15:51.988, 3, 440.82, 100, 39, 246654
2026/06/09 22:15:52.988, 0, 239.54, 0, 34, 248262
2026/06/09 22:15:52.989, 1, 236.08, 0, 34, 248262
2026/06/09 22:15:52.989, 2, 441.54, 100, 39, 246654
2026/06/09 22:15:52.989, 3, 442.12, 100, 39, 246654
2026/06/09 22:15:53.989, 0, 239.93, 0, 34, 248262
2026/06/09 22:15:53.989, 1, 236.55, 0, 34, 248262
2026/06/09 22:15:53.989, 2, 441.41, 100, 39, 246654
2026/06/09 22:15:53.989, 3, 436.92, 100, 39, 246654
2026/06/09 22:15:54.989, 0, 240.18, 0, 34, 248262
2026/06/09 22:15:54.989, 1, 236.08, 0, 34, 248262
2026/06/09 22:15:54.989, 2, 441.11, 100, 39, 246654
2026/06/09 22:15:54.989, 3, 437.86, 100, 39, 246654
2026/06/09 22:15:55.989, 0, 239.66, 0, 34, 248262
2026/06/09 22:15:55.989, 1, 236.24, 0, 34, 248262
2026/06/09 22:15:55.990, 2, 435.09, 100, 39, 246654
2026/06/09 22:15:55.990, 3, 435.52, 100, 39, 246654
2026/06/09 22:15:56.990, 0, 240.18, 0, 34, 248262
2026/06/09 22:15:56.990, 1, 236.38, 0, 34, 248262
2026/06/09 22:15:56.990, 2, 438.64, 100, 39, 246654
2026/06/09 22:15:56.990, 3, 436.30, 100, 39, 246654
2026/06/09 22:15:57.990, 0, 239.97, 0, 34, 248262
2026/06/09 22:15:57.990, 1, 236.18, 0, 34, 248262
2026/06/09 22:15:57.990, 2, 440.15, 100, 39, 246654
2026/06/09 22:15:57.990, 3, 438.49, 100, 39, 246654
2026/06/09 22:15:58.990, 0, 239.62, 0, 34, 248262
2026/06/09 22:15:58.999, 1, 236.33, 0, 34, 248262
2026/06/09 22:15:58.999, 2, 441.95, 100, 39, 246654
2026/06/09 22:15:58.999, 3, 439.05, 100, 39, 246654
2026/06/09 22:16:00.000, 0, 239.35, 0, 34, 248262
2026/06/09 22:16:00.000, 1, 236.14, 0, 34, 248262
2026/06/09 22:16:00.000, 2, 440.90, 100, 39, 246654
2026/06/09 22:16:00.000, 3, 439.89, 100, 39, 246654
2026/06/09 22:16:01.000, 0, 260.11, 0, 34, 248262
2026/06/09 22:16:01.000, 1, 256.26, 0, 34, 248262
2026/06/09 22:16:01.000, 2, 441.05, 100, 39, 246654
2026/06/09 22:16:01.000, 3, 443.65, 100, 39, 246654
2026/06/09 22:16:02.000, 0, 240.46, 0, 34, 248262
2026/06/09 22:16:02.000, 1, 236.43, 0, 34, 248262
2026/06/09 22:16:02.000, 2, 442.45, 100, 39, 246654
2026/06/09 22:16:02.000, 3, 442.04, 100, 39, 246654
2026/06/09 22:16:03.001, 0, 280.50, 0, 34, 248262
2026/06/09 22:16:03.001, 1, 251.79, 0, 34, 248262
2026/06/09 22:16:03.001, 2, 441.13, 100, 39, 246654
2026/06/09 22:16:03.001, 3, 441.55, 100, 39, 246654
2026/06/09 22:16:04.001, 0, 278.13, 0, 34, 248262
2026/06/09 22:16:04.001, 1, 251.25, 0, 34, 248262
2026/06/09 22:16:04.001, 2, 440.70, 100, 39, 246654
2026/06/09 22:16:04.001, 3, 441.66, 100, 39, 246654
2026/06/09 22:16:05.001, 0, 249.49, 46, 35, 248262
2026/06/09 22:16:05.001, 1, 252.70, 4, 35, 248262
2026/06/09 22:16:05.001, 2, 442.79, 100, 39, 246654
2026/06/09 22:16:05.001, 3, 442.58, 100, 39, 246654
2026/06/09 22:16:06.001, 0, 250.18, 0, 34, 248262
2026/06/09 22:16:06.001, 1, 236.86, 0, 34, 248262
2026/06/09 22:16:06.002, 2, 444.72, 100, 39, 246654
2026/06/09 22:16:06.002, 3, 444.99, 100, 39, 246654
2026/06/09 22:16:07.002, 0, 239.82, 0, 34, 248262
2026/06/09 22:16:07.002, 1, 236.60, 0, 34, 248262
2026/06/09 22:16:07.002, 2, 441.92, 100, 39, 246654
2026/06/09 22:16:07.002, 3, 443.58, 100, 39, 246654
2026/06/09 22:16:08.002, 0, 270.48, 0, 34, 248262
2026/06/09 22:16:08.002, 1, 249.62, 0, 34, 248262
2026/06/09 22:16:08.002, 2, 441.35, 100, 39, 246654
2026/06/09 22:16:08.002, 3, 442.65, 100, 39, 246654
2026/06/09 22:16:09.002, 0, 277.69, 0, 35, 248262
2026/06/09 22:16:09.002, 1, 286.82, 0, 35, 248262
2026/06/09 22:16:09.002, 2, 427.13, 100, 39, 246654
2026/06/09 22:16:09.002, 3, 430.79, 98, 39, 246654
2026/06/09 22:16:10.002, 0, 289.97, 75, 37, 248262
2026/06/09 22:16:10.003, 1, 260.57, 13, 34, 248262
2026/06/09 22:16:10.003, 2, 440.05, 98, 39, 246654
2026/06/09 22:16:10.003, 3, 440.75, 100, 39, 246654
2026/06/09 22:16:11.003, 0, 258.40, 0, 34, 248262
2026/06/09 22:16:11.004, 1, 252.86, 0, 34, 248262
2026/06/09 22:16:11.004, 2, 444.65, 100, 39, 246654
2026/06/09 22:16:11.004, 3, 445.98, 98, 39, 246654
2026/06/09 22:16:12.004, 0, 259.23, 0, 35, 248262
2026/06/09 22:16:12.004, 1, 245.74, 4, 34, 248262
2026/06/09 22:16:12.004, 2, 443.06, 100, 39, 246654
2026/06/09 22:16:12.004, 3, 445.84, 98, 39, 246654
2026/06/09 22:16:13.004, 0, 240.15, 0, 34, 248262
2026/06/09 22:16:13.004, 1, 236.55, 0, 34, 248262
2026/06/09 22:16:13.004, 2, 442.34, 100, 39, 246654
2026/06/09 22:16:13.004, 3, 446.91, 100, 39, 246654
2026/06/09 22:16:14.004, 0, 239.54, 0, 34, 248262
2026/06/09 22:16:14.004, 1, 236.06, 0, 34, 248262
2026/06/09 22:16:14.004, 2, 445.14, 100, 39, 246654
2026/06/09 22:16:14.005, 3, 444.47, 100, 39, 246654
2026/06/09 22:16:15.005, 0, 240.11, 0, 34, 248262
2026/06/09 22:16:15.005, 1, 236.31, 0, 34, 248262
2026/06/09 22:16:15.005, 2, 444.89, 100, 39, 246654
2026/06/09 22:16:15.005, 3, 444.52, 100, 39, 246654
2026/06/09 22:16:16.005, 0, 239.23, 0, 34, 248262
2026/06/09 22:16:16.005, 1, 237.26, 0, 34, 248262
2026/06/09 22:16:16.005, 2, 439.27, 100, 39, 246654
2026/06/09 22:16:16.005, 3, 439.00, 100, 39, 246654
2026/06/09 22:16:17.005, 0, 239.76, 0, 34, 248262
2026/06/09 22:16:17.005, 1, 236.21, 0, 34, 248262
2026/06/09 22:16:17.005, 2, 441.07, 100, 39, 246654
2026/06/09 22:16:17.005, 3, 443.74, 100, 39, 246654
2026/06/09 22:16:18.005, 0, 239.15, 0, 34, 248262
2026/06/09 22:16:18.006, 1, 236.26, 0, 34, 248262
2026/06/09 22:16:18.006, 2, 443.69, 100, 39, 246654
2026/06/09 22:16:18.006, 3, 443.52, 100, 39, 246654
2026/06/09 22:16:19.006, 0, 239.76, 0, 34, 248262
2026/06/09 22:16:19.006, 1, 236.52, 0, 34, 248262
2026/06/09 22:16:19.006, 2, 442.98, 100, 39, 246654
2026/06/09 22:16:19.006, 3, 442.47, 100, 39, 246654
2026/06/09 22:16:20.006, 0, 239.43, 0, 34, 248262
2026/06/09 22:16:20.006, 1, 237.04, 0, 34, 248262
2026/06/09 22:16:20.006, 2, 443.61, 100, 39, 246654
2026/06/09 22:16:20.006, 3, 444.81, 100, 39, 246654
2026/06/09 22:16:21.006, 0, 239.52, 0, 34, 248262
2026/06/09 22:16:21.007, 1, 236.71, 0, 34, 248262
2026/06/09 22:16:21.007, 2, 442.39, 100, 39, 246654
2026/06/09 22:16:21.007, 3, 443.24, 100, 39, 246654
2026/06/09 22:16:22.007, 0, 239.76, 0, 34, 248262
2026/06/09 22:16:22.007, 1, 236.26, 0, 34, 248262
2026/06/09 22:16:22.007, 2, 447.06, 100, 39, 246654
2026/06/09 22:16:22.007, 3, 449.21, 100, 39, 246654
2026/06/09 22:16:23.007, 0, 239.86, 0, 34, 248262
2026/06/09 22:16:23.007, 1, 235.73, 0, 34, 248262
2026/06/09 22:16:23.007, 2, 446.06, 100, 39, 246654
2026/06/09 22:16:23.007, 3, 447.47, 100, 39, 246654
2026/06/09 22:16:24.007, 0, 239.31, 0, 34, 248262
2026/06/09 22:16:24.007, 1, 236.06, 0, 34, 248262
2026/06/09 22:16:24.007, 2, 445.86, 100, 39, 246654
2026/06/09 22:16:24.008, 3, 444.49, 100, 39, 246654
2026/06/09 22:16:25.008, 0, 239.69, 0, 34, 248262
2026/06/09 22:16:25.008, 1, 235.87, 0, 34, 248262
2026/06/09 22:16:25.008, 2, 444.76, 100, 39, 246654
2026/06/09 22:16:25.008, 3, 443.80, 100, 39, 246654
2026/06/09 22:16:26.008, 0, 239.20, 0, 34, 248262
2026/06/09 22:16:26.008, 1, 236.44, 0, 34, 248262
2026/06/09 22:16:26.008, 2, 443.25, 100, 39, 246654
2026/06/09 22:16:26.008, 3, 445.33, 100, 39, 246654
2026/06/09 22:16:27.008, 0, 239.67, 0, 34, 248262
2026/06/09 22:16:27.008, 1, 236.70, 0, 34, 248262
2026/06/09 22:16:27.008, 2, 445.27, 100, 39, 246654
2026/06/09 22:16:27.008, 3, 444.18, 100, 39, 246654
2026/06/09 22:16:28.009, 0, 239.62, 0, 34, 248262
2026/06/09 22:16:28.009, 1, 236.21, 0, 34, 248262
2026/06/09 22:16:28.009, 2, 444.55, 100, 39, 246654
2026/06/09 22:16:28.009, 3, 445.48, 100, 39, 246654
2026/06/09 22:16:29.009, 0, 239.77, 0, 34, 248262
2026/06/09 22:16:29.009, 1, 236.24, 0, 34, 248262
2026/06/09 22:16:29.009, 2, 446.32, 100, 39, 246654
2026/06/09 22:16:29.009, 3, 447.68, 100, 39, 246654
2026/06/09 22:16:30.009, 0, 239.74, 0, 34, 248262
2026/06/09 22:16:30.009, 1, 236.61, 0, 34, 248262
2026/06/09 22:16:30.009, 2, 447.14, 100, 39, 246654
2026/06/09 22:16:30.009, 3, 447.22, 100, 39, 246654
2026/06/09 22:16:31.009, 0, 239.43, 0, 34, 248262
2026/06/09 22:16:31.009, 1, 236.54, 0, 34, 248262
2026/06/09 22:16:31.010, 2, 447.56, 100, 39, 246654
2026/06/09 22:16:31.010, 3, 450.40, 100, 39, 246654
2026/06/09 22:16:32.010, 0, 239.39, 0, 34, 248262
2026/06/09 22:16:32.010, 1, 236.47, 0, 34, 248262
2026/06/09 22:16:32.010, 2, 449.43, 100, 39, 246654
2026/06/09 22:16:32.010, 3, 450.45, 100, 39, 246654
2026/06/09 22:16:33.010, 0, 240.07, 0, 34, 248262
2026/06/09 22:16:33.010, 1, 236.34, 0, 34, 248262
2026/06/09 22:16:33.010, 2, 447.76, 100, 39, 246654
2026/06/09 22:16:33.010, 3, 452.49, 100, 39, 246654
2026/06/09 22:16:34.010, 0, 240.00, 0, 34, 248262
2026/06/09 22:16:34.010, 1, 236.30, 0, 34, 248262
2026/06/09 22:16:34.010, 2, 449.55, 100, 39, 246654
2026/06/09 22:16:34.010, 3, 451.05, 100, 39, 246654
2026/06/09 22:16:35.010, 0, 240.01, 0, 34, 248262
2026/06/09 22:16:35.011, 1, 235.81, 0, 34, 248262
2026/06/09 22:16:35.011, 2, 446.15, 100, 39, 246654
2026/06/09 22:16:35.011, 3, 448.79, 100, 39, 246654
2026/06/09 22:16:36.011, 0, 239.82, 0, 34, 248262
2026/06/09 22:16:36.011, 1, 236.00, 0, 34, 248262
2026/06/09 22:16:36.011, 2, 446.35, 100, 39, 246654
2026/06/09 22:16:36.011, 3, 447.13, 100, 39, 246654
2026/06/09 22:16:37.011, 0, 239.74, 0, 34, 248262
2026/06/09 22:16:37.011, 1, 236.82, 0, 34, 248262
2026/06/09 22:16:37.011, 2, 445.73, 100, 39, 246654
2026/06/09 22:16:37.011, 3, 446.37, 100, 39, 246654
2026/06/09 22:16:38.011, 0, 239.46, 0, 34, 248262
2026/06/09 22:16:38.011, 1, 236.51, 0, 34, 248262
2026/06/09 22:16:38.011, 2, 447.10, 100, 39, 246654
2026/06/09 22:16:38.011, 3, 446.56, 100, 39, 246654
2026/06/09 22:16:39.012, 0, 239.16, 0, 34, 248262
2026/06/09 22:16:39.012, 1, 235.86, 0, 34, 248262
2026/06/09 22:16:39.012, 2, 448.71, 100, 39, 246654
2026/06/09 22:16:39.012, 3, 448.27, 100, 39, 246654
2026/06/09 22:16:40.012, 0, 239.55, 0, 34, 248262
2026/06/09 22:16:40.012, 1, 236.06, 0, 34, 248262
2026/06/09 22:16:40.012, 2, 447.92, 100, 39, 246654
2026/06/09 22:16:40.012, 3, 448.82, 100, 39, 246654
2026/06/09 22:16:41.012, 0, 260.73, 62, 36, 248262
2026/06/09 22:16:41.012, 1, 259.75, 14, 35, 248262
2026/06/09 22:16:41.012, 2, 448.30, 100, 39, 246654
2026/06/09 22:16:41.012, 3, 448.55, 100, 39, 246654
2026/06/09 22:16:42.012, 0, 249.15, 0, 34, 248262
2026/06/09 22:16:42.013, 1, 236.87, 0, 34, 248262
2026/06/09 22:16:42.013, 2, 448.88, 100, 39, 246654
2026/06/09 22:16:42.013, 3, 448.12, 100, 39, 246654
2026/06/09 22:16:43.013, 0, 239.35, 0, 34, 248262
2026/06/09 22:16:43.013, 1, 236.84, 0, 33, 248262
2026/06/09 22:16:43.013, 2, 447.39, 100, 39, 246654
2026/06/09 22:16:43.013, 3, 449.05, 100, 39, 246654
2026/06/09 22:16:44.013, 0, 239.07, 0, 33, 248262
2026/06/09 22:16:44.013, 1, 236.30, 0, 33, 248262
2026/06/09 22:16:44.013, 2, 446.67, 100, 39, 246654
2026/06/09 22:16:44.013, 3, 446.73, 100, 39, 246654
2026/06/09 22:16:45.013, 0, 239.66, 0, 33, 248262
2026/06/09 22:16:45.013, 1, 236.35, 0, 33, 248262
2026/06/09 22:16:45.014, 2, 449.04, 100, 39, 246654
2026/06/09 22:16:45.014, 3, 448.51, 100, 39, 246654
2026/06/09 22:16:46.014, 0, 239.13, 0, 33, 248262
2026/06/09 22:16:46.014, 1, 235.27, 0, 33, 248262
2026/06/09 22:16:46.014, 2, 447.11, 100, 38, 246654
2026/06/09 22:16:46.014, 3, 448.00, 100, 39, 246654
2026/06/09 22:16:47.014, 0, 239.15, 0, 33, 248262
2026/06/09 22:16:47.014, 1, 235.68, 0, 33, 248262
2026/06/09 22:16:47.014, 2, 446.30, 100, 38, 246654
2026/06/09 22:16:47.014, 3, 447.81, 100, 39, 246654
2026/06/09 22:16:48.014, 0, 239.58, 0, 33, 248262
2026/06/09 22:16:48.014, 1, 235.92, 0, 33, 248262
2026/06/09 22:16:48.014, 2, 448.81, 100, 39, 246654
2026/06/09 22:16:48.014, 3, 448.65, 100, 39, 246654
2026/06/09 22:16:49.015, 0, 239.15, 0, 33, 248262
2026/06/09 22:16:49.015, 1, 235.65, 0, 33, 248262
2026/06/09 22:16:49.015, 2, 448.41, 100, 39, 246654
2026/06/09 22:16:49.015, 3, 449.69, 100, 39, 246654
2026/06/09 22:16:50.015, 0, 239.44, 0, 33, 248262
2026/06/09 22:16:50.015, 1, 235.90, 0, 33, 248262
2026/06/09 22:16:50.015, 2, 449.82, 100, 39, 246654
2026/06/09 22:16:50.015, 3, 450.59, 100, 39, 246654
2026/06/09 22:16:51.015, 0, 239.25, 0, 33, 248262
2026/06/09 22:16:51.015, 1, 235.69, 0, 33, 248262
2026/06/09 22:16:51.015, 2, 449.23, 100, 38, 246654
2026/06/09 22:16:51.015, 3, 448.12, 100, 39, 246654
2026/06/09 22:16:52.015, 0, 239.07, 0, 33, 248262
2026/06/09 22:16:52.015, 1, 236.44, 0, 33, 248262
2026/06/09 22:16:52.015, 2, 448.07, 100, 38, 246654
2026/06/09 22:16:52.015, 3, 448.03, 100, 39, 246654
2026/06/09 22:16:53.016, 0, 239.12, 0, 33, 248262
2026/06/09 22:16:53.016, 1, 236.11, 0, 33, 248262
2026/06/09 22:16:53.016, 2, 449.38, 100, 38, 246654
2026/06/09 22:16:53.016, 3, 449.63, 100, 39, 246654
2026/06/09 22:16:54.016, 0, 261.38, 0, 33, 248262
2026/06/09 22:16:54.016, 1, 256.86, 0, 33, 248262
2026/06/09 22:16:54.016, 2, 449.37, 100, 38, 246654
2026/06/09 22:16:54.016, 3, 451.29, 100, 39, 246654
2026/06/09 22:16:55.016, 0, 239.23, 0, 33, 248262
2026/06/09 22:16:55.016, 1, 235.66, 0, 33, 248262
2026/06/09 22:16:55.016, 2, 450.57, 100, 38, 246654
2026/06/09 22:16:55.016, 3, 451.05, 100, 39, 246654
2026/06/09 22:16:56.016, 0, 239.23, 0, 33, 248262
2026/06/09 22:16:56.017, 1, 235.96, 0, 33, 248262
2026/06/09 22:16:56.017, 2, 451.82, 100, 38, 246654
2026/06/09 22:16:56.017, 3, 454.23, 100, 39, 246654
2026/06/09 22:16:57.017, 0, 238.83, 0, 33, 248262
2026/06/09 22:16:57.017, 1, 236.04, 0, 33, 248262
2026/06/09 22:16:57.017, 2, 452.14, 100, 38, 246654
2026/06/09 22:16:57.017, 3, 451.08, 100, 39, 246654
2026/06/09 22:16:58.017, 0, 238.99, 0, 33, 248262
2026/06/09 22:16:58.017, 1, 235.68, 0, 33, 248262
2026/06/09 22:16:58.017, 2, 449.98, 100, 38, 246654
2026/06/09 22:16:58.017, 3, 450.30, 100, 38, 246654
2026/06/09 22:16:59.017, 0, 239.05, 0, 33, 248262
2026/06/09 22:16:59.017, 1, 235.78, 0, 33, 248262
2026/06/09 22:16:59.017, 2, 450.18, 100, 38, 246654
2026/06/09 22:16:59.018, 3, 449.87, 100, 38, 246654
2026/06/09 22:17:00.018, 0, 239.74, 0, 33, 248262
2026/06/09 22:17:00.018, 1, 235.66, 0, 33, 248262
2026/06/09 22:17:00.018, 2, 451.61, 100, 38, 246654
2026/06/09 22:17:00.018, 3, 450.61, 100, 38, 246654
2026/06/09 22:17:01.018, 0, 239.21, 0, 33, 248262
2026/06/09 22:17:01.018, 1, 236.08, 0, 33, 248262
2026/06/09 22:17:01.018, 2, 452.09, 100, 38, 246654
2026/06/09 22:17:01.018, 3, 449.43, 100, 38, 246654
2026/06/09 22:17:02.018, 0, 239.30, 0, 33, 248262
2026/06/09 22:17:02.018, 1, 235.78, 0, 33, 248262
2026/06/09 22:17:02.018, 2, 451.19, 100, 38, 246654
2026/06/09 22:17:02.018, 3, 450.55, 100, 38, 246654
2026/06/09 22:17:03.018, 0, 238.82, 0, 33, 248262
2026/06/09 22:17:03.019, 1, 236.44, 0, 33, 248262
2026/06/09 22:17:03.019, 2, 450.90, 100, 38, 246654
2026/06/09 22:17:03.019, 3, 452.04, 100, 38, 246654
2026/06/09 22:17:04.019, 0, 239.68, 0, 33, 248262
2026/06/09 22:17:04.019, 1, 235.77, 0, 33, 248262
2026/06/09 22:17:04.019, 2, 450.62, 100, 38, 246654
2026/06/09 22:17:04.019, 3, 451.83, 100, 38, 246654
2026/06/09 22:17:05.019, 0, 270.50, 0, 33, 248262
2026/06/09 22:17:05.019, 1, 268.60, 0, 33, 248262
2026/06/09 22:17:05.019, 2, 448.72, 100, 38, 246654
2026/06/09 22:17:05.019, 3, 447.76, 100, 38, 246654
2026/06/09 22:17:06.019, 0, 259.73, 0, 33, 248262
2026/06/09 22:17:06.019, 1, 244.30, 0, 33, 248262
2026/06/09 22:17:06.019, 2, 449.90, 100, 38, 246654
2026/06/09 22:17:06.020, 3, 450.30, 100, 38, 246654
2026/06/09 22:17:07.020, 0, 239.39, 0, 33, 248262
2026/06/09 22:17:07.020, 1, 235.85, 0, 33, 248262
2026/06/09 22:17:07.020, 2, 451.70, 100, 38, 246654
2026/06/09 22:17:07.020, 3, 450.12, 100, 38, 246654
2026/06/09 22:17:08.020, 0, 240.26, 0, 33, 248262
2026/06/09 22:17:08.020, 1, 239.91, 0, 33, 248262
2026/06/09 22:17:08.020, 2, 448.79, 100, 38, 246654
2026/06/09 22:17:08.020, 3, 449.94, 100, 38, 246654
2026/06/09 22:17:09.020, 0, 264.88, 0, 33, 248262
2026/06/09 22:17:09.020, 1, 260.93, 0, 33, 248262
2026/06/09 22:17:09.020, 2, 448.82, 100, 38, 246654
2026/06/09 22:17:09.020, 3, 451.27, 100, 38, 246654
2026/06/09 22:17:10.020, 0, 266.25, 0, 33, 248262
2026/06/09 22:17:10.021, 1, 264.73, 0, 33, 248262
2026/06/09 22:17:10.021, 2, 448.67, 100, 38, 246654
2026/06/09 22:17:10.021, 3, 450.56, 100, 38, 246654
2026/06/09 22:17:11.021, 0, 238.94, 0, 33, 248262
2026/06/09 22:17:11.021, 1, 236.01, 0, 33, 248262
2026/06/09 22:17:11.021, 2, 446.02, 100, 38, 246654
2026/06/09 22:17:11.021, 3, 446.92, 100, 38, 246654
2026/06/09 22:17:12.021, 0, 239.30, 0, 33, 248262
2026/06/09 22:17:12.021, 1, 236.02, 0, 33, 248262
2026/06/09 22:17:12.021, 2, 444.03, 100, 38, 246654
2026/06/09 22:17:12.021, 3, 445.60, 100, 38, 246654
2026/06/09 22:17:13.021, 0, 265.80, 0, 33, 248262
2026/06/09 22:17:13.021, 1, 246.85, 0, 33, 248262
2026/06/09 22:17:13.021, 2, 446.23, 100, 38, 246654
2026/06/09 22:17:13.022, 3, 446.80, 100, 38, 246654
2026/06/09 22:17:14.022, 0, 239.85, 0, 33, 248262
2026/06/09 22:17:14.022, 1, 235.55, 0, 33, 248262
2026/06/09 22:17:14.022, 2, 446.76, 100, 38, 246654
2026/06/09 22:17:14.022, 3, 447.20, 100, 38, 246654
2026/06/09 22:17:15.022, 0, 239.55, 0, 33, 248262
2026/06/09 22:17:15.022, 1, 235.30, 0, 33, 248262
2026/06/09 22:17:15.022, 2, 444.04, 100, 38, 246654
2026/06/09 22:17:15.022, 3, 445.60, 100, 38, 246654
2026/06/09 22:17:16.022, 0, 238.89, 0, 33, 248262
2026/06/09 22:17:16.022, 1, 236.37, 0, 33, 248262
2026/06/09 22:17:16.022, 2, 444.17, 100, 38, 246654
2026/06/09 22:17:16.022, 3, 446.45, 100, 38, 246654
2026/06/09 22:17:17.022, 0, 239.42, 0, 33, 248262
2026/06/09 22:17:17.023, 1, 235.78, 0, 33, 248262
2026/06/09 22:17:17.023, 2, 445.30, 100, 38, 246654
2026/06/09 22:17:17.023, 3, 447.87, 100, 38, 246654
2026/06/09 22:17:18.023, 0, 239.86, 0, 33, 248262
2026/06/09 22:17:18.023, 1, 235.72, 0, 33, 248262
2026/06/09 22:17:18.023, 2, 446.32, 100, 38, 246654
2026/06/09 22:17:18.023, 3, 445.63, 100, 38, 246654
2026/06/09 22:17:19.023, 0, 239.60, 0, 33, 248262
2026/06/09 22:17:19.023, 1, 236.12, 0, 33, 248262
2026/06/09 22:17:19.023, 2, 447.35, 100, 38, 246654
2026/06/09 22:17:19.023, 3, 446.74, 100, 38, 246654
2026/06/09 22:17:20.023, 0, 277.25, 0, 34, 248262
2026/06/09 22:17:20.024, 1, 250.10, 0, 33, 248262
2026/06/09 22:17:20.024, 2, 446.45, 100, 38, 246654
2026/06/09 22:17:20.024, 3, 449.41, 100, 38, 246654
2026/06/09 22:17:21.024, 0, 239.70, 0, 33, 248262
2026/06/09 22:17:21.024, 1, 235.28, 0, 33, 248262
2026/06/09 22:17:21.024, 2, 450.66, 100, 38, 246654
2026/06/09 22:17:21.024, 3, 449.90, 100, 39, 246654
2026/06/09 22:17:22.024, 0, 239.42, 0, 33, 248262
2026/06/09 22:17:22.024, 1, 235.70, 0, 33, 248262
2026/06/09 22:17:22.024, 2, 448.04, 100, 38, 246654
2026/06/09 22:17:22.024, 3, 449.56, 100, 39, 246654
2026/06/09 22:17:23.024, 0, 239.36, 0, 33, 248262
2026/06/09 22:17:23.024, 1, 235.98, 0, 33, 248262
2026/06/09 22:17:23.024, 2, 448.88, 100, 38, 246654
2026/06/09 22:17:23.025, 3, 451.03, 100, 39, 246654
2026/06/09 22:17:24.025, 0, 251.95, 0, 33, 248262
2026/06/09 22:17:24.025, 1, 256.29, 0, 33, 248262
2026/06/09 22:17:24.025, 2, 450.19, 100, 38, 246654
2026/06/09 22:17:24.025, 3, 451.90, 100, 39, 246654
2026/06/09 22:17:25.025, 0, 238.61, 0, 33, 248262
2026/06/09 22:17:25.025, 1, 235.99, 0, 33, 248262
2026/06/09 22:17:25.025, 2, 450.26, 100, 38, 246654
2026/06/09 22:17:25.025, 3, 452.67, 100, 39, 246654
2026/06/09 22:17:26.025, 0, 239.98, 0, 33, 248262
2026/06/09 22:17:26.025, 1, 235.88, 0, 33, 248262
2026/06/09 22:17:26.025, 2, 449.59, 100, 38, 246654
2026/06/09 22:17:26.025, 3, 448.38, 100, 39, 246654
2026/06/09 22:17:27.026, 0, 261.97, 0, 34, 248262
2026/06/09 22:17:27.026, 1, 258.14, 0, 34, 248262
2026/06/09 22:17:27.026, 2, 446.76, 100, 38, 246654
2026/06/09 22:17:27.026, 3, 448.83, 100, 39, 246654
2026/06/09 22:17:28.026, 0, 258.88, 0, 34, 248262
2026/06/09 22:17:28.026, 1, 257.53, 0, 34, 248262
2026/06/09 22:17:28.026, 2, 447.44, 100, 38, 246654
2026/06/09 22:17:28.026, 3, 450.08, 100, 39, 246654
2026/06/09 22:17:29.026, 0, 239.24, 0, 34, 248262
2026/06/09 22:17:29.026, 1, 236.27, 0, 33, 248262
2026/06/09 22:17:29.026, 2, 446.69, 100, 38, 246654
2026/06/09 22:17:29.026, 3, 447.39, 100, 39, 246654
2026/06/09 22:17:30.026, 0, 239.46, 0, 33, 248262
2026/06/09 22:17:30.027, 1, 235.41, 0, 33, 248262
2026/06/09 22:17:30.027, 2, 448.70, 100, 39, 246654
2026/06/09 22:17:30.027, 3, 450.30, 100, 39, 246654
2026/06/09 22:17:31.027, 0, 240.34, 0, 33, 248262
2026/06/09 22:17:31.027, 1, 235.76, 0, 33, 248262
2026/06/09 22:17:31.027, 2, 447.26, 100, 38, 246654
2026/06/09 22:17:31.027, 3, 447.59, 100, 39, 246654
2026/06/09 22:17:32.027, 0, 267.04, 69, 36, 248262
2026/06/09 22:17:32.027, 1, 249.08, 13, 34, 248262
2026/06/09 22:17:32.027, 2, 447.44, 100, 39, 246654
2026/06/09 22:17:32.027, 3, 445.97, 100, 39, 246654
2026/06/09 22:17:33.027, 0, 242.68, 0, 34, 248262
2026/06/09 22:17:33.027, 1, 235.95, 0, 34, 248262
2026/06/09 22:17:33.028, 2, 449.32, 100, 39, 246654
2026/06/09 22:17:33.028, 3, 452.08, 100, 39, 246654
2026/06/09 22:17:34.028, 0, 265.08, 0, 34, 248262
2026/06/09 22:17:34.028, 1, 262.99, 0, 34, 248262
2026/06/09 22:17:34.028, 2, 449.02, 100, 39, 246654
2026/06/09 22:17:34.028, 3, 449.86, 100, 39, 246654
2026/06/09 22:17:35.028, 0, 239.20, 0, 34, 248262
2026/06/09 22:17:35.028, 1, 236.17, 0, 34, 248262
2026/06/09 22:17:35.028, 2, 447.42, 100, 39, 246654
2026/06/09 22:17:35.028, 3, 449.94, 100, 39, 246654
2026/06/09 22:17:36.028, 0, 239.23, 0, 34, 248262
2026/06/09 22:17:36.028, 1, 235.83, 0, 33, 248262
2026/06/09 22:17:36.028, 2, 449.02, 100, 39, 246654
2026/06/09 22:17:36.028, 3, 448.06, 100, 39, 246654
2026/06/09 22:17:37.028, 0, 239.29, 0, 34, 248262
2026/06/09 22:17:37.028, 1, 236.23, 0, 33, 248262
2026/06/09 22:17:37.028, 2, 447.13, 100, 38, 246654
2026/06/09 22:17:37.028, 3, 448.09, 100, 39, 246654
2026/06/09 22:17:38.029, 0, 239.07, 0, 33, 248262
2026/06/09 22:17:38.029, 1, 236.76, 0, 33, 248262
2026/06/09 22:17:38.029, 2, 451.31, 100, 39, 246654
2026/06/09 22:17:38.029, 3, 452.44, 100, 39, 246654
2026/06/09 22:17:39.029, 0, 239.47, 0, 34, 248262
2026/06/09 22:17:39.029, 1, 235.62, 0, 33, 248262
2026/06/09 22:17:39.029, 2, 450.33, 100, 39, 246654
2026/06/09 22:17:39.029, 3, 452.79, 100, 39, 246654
2026/06/09 22:17:40.029, 0, 239.44, 0, 34, 248262
2026/06/09 22:17:40.029, 1, 235.91, 0, 33, 248262
2026/06/09 22:17:40.029, 2, 451.62, 100, 39, 246654
2026/06/09 22:17:40.029, 3, 453.33, 100, 39, 246654
2026/06/09 22:17:41.029, 0, 263.22, 0, 34, 248262
2026/06/09 22:17:41.029, 1, 245.77, 4, 34, 248262
2026/06/09 22:17:41.029, 2, 447.52, 100, 39, 246654
2026/06/09 22:17:41.029, 3, 450.40, 98, 39, 246654
2026/06/09 22:17:42.030, 0, 274.04, 0, 34, 248262
2026/06/09 22:17:42.030, 1, 248.32, 0, 34, 248262
2026/06/09 22:17:42.030, 2, 445.12, 98, 38, 246654
2026/06/09 22:17:42.030, 3, 448.49, 98, 39, 246654
2026/06/09 22:17:43.030, 0, 240.22, 0, 34, 248262
2026/06/09 22:17:43.030, 1, 236.62, 0, 34, 248262
2026/06/09 22:17:43.030, 2, 447.73, 100, 39, 246654
2026/06/09 22:17:43.030, 3, 446.54, 100, 39, 246654
2026/06/09 22:17:44.030, 0, 239.53, 0, 34, 248262
2026/06/09 22:17:44.030, 1, 235.86, 0, 33, 248262
2026/06/09 22:17:44.030, 2, 446.70, 100, 39, 246654
2026/06/09 22:17:44.030, 3, 447.25, 100, 39, 246654
2026/06/09 22:17:45.030, 0, 239.50, 0, 34, 248262
2026/06/09 22:17:45.031, 1, 236.29, 0, 33, 248262
2026/06/09 22:17:45.031, 2, 446.43, 100, 39, 246654
2026/06/09 22:17:45.031, 3, 450.65, 100, 39, 246654
2026/06/09 22:17:46.031, 0, 239.41, 0, 34, 248262
2026/06/09 22:17:46.031, 1, 236.12, 0, 34, 248262
2026/06/09 22:17:46.031, 2, 448.43, 100, 39, 246654
2026/06/09 22:17:46.031, 3, 449.38, 100, 39, 246654
2026/06/09 22:17:47.031, 0, 239.06, 0, 34, 248262
2026/06/09 22:17:47.031, 1, 235.85, 0, 33, 248262
2026/06/09 22:17:47.031, 2, 449.23, 100, 39, 246654
2026/06/09 22:17:47.031, 3, 450.02, 100, 39, 246654
2026/06/09 22:17:48.031, 0, 238.98, 0, 34, 248262
2026/06/09 22:17:48.031, 1, 236.07, 0, 33, 248262
2026/06/09 22:17:48.032, 2, 449.95, 100, 39, 246654
2026/06/09 22:17:48.032, 3, 450.86, 100, 39, 246654
2026/06/09 22:17:49.032, 0, 238.85, 0, 34, 248262
2026/06/09 22:17:49.032, 1, 236.42, 0, 33, 248262
2026/06/09 22:17:49.032, 2, 447.88, 100, 39, 246654
2026/06/09 22:17:49.032, 3, 449.34, 100, 39, 246654
2026/06/09 22:17:50.032, 0, 262.64, 0, 34, 248262
2026/06/09 22:17:50.032, 1, 245.42, 0, 34, 248262
2026/06/09 22:17:50.032, 2, 444.78, 100, 39, 246654
2026/06/09 22:17:50.032, 3, 444.86, 100, 39, 246654
2026/06/09 22:17:51.032, 0, 270.74, 0, 34, 248262
2026/06/09 22:17:51.032, 1, 248.82, 0, 34, 248262
2026/06/09 22:17:51.032, 2, 442.82, 100, 39, 246654
2026/06/09 22:17:51.032, 3, 443.52, 100, 39, 246654
2026/06/09 22:17:52.033, 0, 276.35, 0, 34, 248262
2026/06/09 22:17:52.033, 1, 249.99, 0, 34, 248262
2026/06/09 22:17:52.033, 2, 444.07, 100, 38, 246654
2026/06/09 22:17:52.033, 3, 445.92, 100, 39, 246654
2026/06/09 22:17:53.033, 0, 239.12, 0, 34, 248262
2026/06/09 22:17:53.033, 1, 236.63, 0, 34, 248262
2026/06/09 22:17:53.033, 2, 443.49, 100, 39, 246654
2026/06/09 22:17:53.033, 3, 446.16, 100, 39, 246654
2026/06/09 22:17:54.033, 0, 239.58, 0, 34, 248262
2026/06/09 22:17:54.033, 1, 236.36, 0, 34, 248262
2026/06/09 22:17:54.033, 2, 444.88, 100, 39, 246654
2026/06/09 22:17:54.033, 3, 446.30, 100, 39, 246654
2026/06/09 22:17:55.033, 0, 239.37, 0, 34, 248262
2026/06/09 22:17:55.034, 1, 236.32, 0, 34, 248262
2026/06/09 22:17:55.034, 2, 442.82, 100, 39, 246654
2026/06/09 22:17:55.034, 3, 445.91, 100, 39, 246654
2026/06/09 22:17:56.034, 0, 239.30, 0, 34, 248262
2026/06/09 22:17:56.034, 1, 236.55, 0, 34, 248262
2026/06/09 22:17:56.034, 2, 447.67, 100, 39, 246654
2026/06/09 22:17:56.034, 3, 448.02, 100, 39, 246654
2026/06/09 22:17:57.034, 0, 239.53, 0, 34, 248262
2026/06/09 22:17:57.034, 1, 236.19, 0, 34, 248262
2026/06/09 22:17:57.034, 2, 448.96, 100, 39, 246654
2026/06/09 22:17:57.034, 3, 450.10, 100, 39, 246654
2026/06/09 22:17:58.034, 0, 239.45, 0, 34, 248262
2026/06/09 22:17:58.034, 1, 235.90, 0, 34, 248262
2026/06/09 22:17:58.034, 2, 447.10, 100, 39, 246654
2026/06/09 22:17:58.034, 3, 451.26, 100, 39, 246654
2026/06/09 22:17:59.035, 0, 265.68, 0, 34, 248262
2026/06/09 22:17:59.035, 1, 269.56, 0, 35, 248262
2026/06/09 22:17:59.035, 2, 445.65, 100, 39, 246654
2026/06/09 22:17:59.035, 3, 449.76, 100, 39, 246654
2026/06/09 22:18:00.035, 0, 267.79, 0, 34, 248262
2026/06/09 22:18:00.035, 1, 258.78, 0, 34, 248262
2026/06/09 22:18:00.035, 2, 445.40, 100, 39, 246654
2026/06/09 22:18:00.035, 3, 449.78, 100, 39, 246654
2026/06/09 22:18:01.035, 0, 239.16, 0, 34, 248262
2026/06/09 22:18:01.036, 1, 236.17, 0, 34, 248262
2026/06/09 22:18:01.036, 2, 445.99, 100, 39, 246654
2026/06/09 22:18:01.036, 3, 444.41, 100, 39, 246654
2026/06/09 22:18:02.036, 0, 239.54, 0, 34, 248262
2026/06/09 22:18:02.036, 1, 236.32, 0, 34, 248262
2026/06/09 22:18:02.036, 2, 439.63, 100, 39, 246654
2026/06/09 22:18:02.036, 3, 442.76, 100, 39, 246654
2026/06/09 22:18:03.036, 0, 239.80, 0, 34, 248262
2026/06/09 22:18:03.036, 1, 235.65, 0, 34, 248262
2026/06/09 22:18:03.036, 2, 440.01, 100, 38, 246654
2026/06/09 22:18:03.036, 3, 439.46, 100, 39, 246654
2026/06/09 22:18:04.036, 0, 239.27, 0, 34, 248262
2026/06/09 22:18:04.036, 1, 236.69, 0, 34, 248262
2026/06/09 22:18:04.036, 2, 442.67, 100, 39, 246654
2026/06/09 22:18:04.036, 3, 444.29, 100, 39, 246654
2026/06/09 22:18:05.037, 0, 265.33, 0, 34, 248262
2026/06/09 22:18:05.037, 1, 246.65, 0, 34, 248262
2026/06/09 22:18:05.037, 2, 441.06, 100, 39, 246654
2026/06/09 22:18:05.037, 3, 444.69, 100, 39, 246654
2026/06/09 22:18:06.037, 0, 239.37, 0, 34, 248262
2026/06/09 22:18:06.037, 1, 239.81, 0, 34, 248262
2026/06/09 22:18:06.037, 2, 443.61, 100, 39, 246654
2026/06/09 22:18:06.037, 3, 443.64, 100, 39, 246654
2026/06/09 22:18:07.037, 0, 273.25, 0, 34, 248262
2026/06/09 22:18:07.037, 1, 265.43, 0, 34, 248262
2026/06/09 22:18:07.037, 2, 441.67, 100, 39, 246654
2026/06/09 22:18:07.037, 3, 443.16, 100, 39, 246654
2026/06/09 22:18:08.038, 0, 240.99, 0, 34, 248262
2026/06/09 22:18:08.038, 1, 237.23, 0, 34, 248262
2026/06/09 22:18:08.038, 2, 440.10, 100, 38, 246654
2026/06/09 22:18:08.038, 3, 441.84, 100, 39, 246654
2026/06/09 22:18:09.038, 0, 239.81, 0, 34, 248262
2026/06/09 22:18:09.038, 1, 236.14, 0, 34, 248262
2026/06/09 22:18:09.038, 2, 444.20, 100, 39, 246654
2026/06/09 22:18:09.038, 3, 442.70, 100, 39, 246654
2026/06/09 22:18:10.038, 0, 239.92, 0, 34, 248262
2026/06/09 22:18:10.038, 1, 236.29, 0, 34, 248262
2026/06/09 22:18:10.038, 2, 444.21, 100, 39, 246654
2026/06/09 22:18:10.038, 3, 444.10, 100, 39, 246654
2026/06/09 22:18:11.038, 0, 260.23, 0, 34, 248262
2026/06/09 22:18:11.039, 1, 258.02, 0, 34, 248262
2026/06/09 22:18:11.039, 2, 444.95, 100, 39, 246654
2026/06/09 22:18:11.039, 3, 446.55, 100, 39, 246654
2026/06/09 22:18:12.039, 0, 263.40, 0, 34, 248262
2026/06/09 22:18:12.039, 1, 247.36, 0, 34, 248262
2026/06/09 22:18:12.039, 2, 444.59, 100, 39, 246654
2026/06/09 22:18:12.039, 3, 447.64, 100, 39, 246654
2026/06/09 22:18:13.039, 0, 239.72, 0, 34, 248262
2026/06/09 22:18:13.039, 1, 236.51, 0, 34, 248262
2026/06/09 22:18:13.039, 2, 444.19, 100, 39, 246654
2026/06/09 22:18:13.039, 3, 444.63, 100, 39, 246654
2026/06/09 22:18:14.039, 0, 239.14, 0, 34, 248262
2026/06/09 22:18:14.039, 1, 236.28, 0, 34, 248262
2026/06/09 22:18:14.039, 2, 440.63, 100, 39, 246654
2026/06/09 22:18:14.040, 3, 443.42, 100, 39, 246654
2026/06/09 22:18:15.040, 0, 239.67, 0, 34, 248262
2026/06/09 22:18:15.041, 1, 236.38, 0, 34, 248262
2026/06/09 22:18:15.042, 2, 442.07, 100, 39, 246654
2026/06/09 22:18:15.042, 3, 441.65, 100, 39, 246654
2026/06/09 22:18:16.042, 0, 239.20, 0, 34, 248262
2026/06/09 22:18:16.042, 1, 236.42, 0, 34, 248262
2026/06/09 22:18:16.042, 2, 443.52, 100, 39, 246654
2026/06/09 22:18:16.042, 3, 442.42, 100, 39, 246654
2026/06/09 22:18:17.042, 0, 239.81, 0, 34, 248262
2026/06/09 22:18:17.042, 1, 236.09, 0, 34, 248262
2026/06/09 22:18:17.042, 2, 442.19, 100, 39, 246654
2026/06/09 22:18:17.042, 3, 443.68, 100, 39, 246654
2026/06/09 22:18:18.042, 0, 239.18, 0, 34, 248262
2026/06/09 22:18:18.043, 1, 235.93, 0, 34, 248262
2026/06/09 22:18:18.043, 2, 443.68, 100, 38, 246654
2026/06/09 22:18:18.043, 3, 445.13, 100, 39, 246654
2026/06/09 22:18:19.043, 0, 239.34, 0, 34, 248262
2026/06/09 22:18:19.043, 1, 235.80, 0, 34, 248262
2026/06/09 22:18:19.043, 2, 442.91, 100, 39, 246654
2026/06/09 22:18:19.043, 3, 442.96, 100, 39, 246654
2026/06/09 22:18:20.043, 0, 238.54, 0, 34, 248262
2026/06/09 22:18:20.043, 1, 236.50, 0, 34, 248262
2026/06/09 22:18:20.043, 2, 443.27, 100, 38, 246654
2026/06/09 22:18:20.043, 3, 443.93, 100, 39, 246654
2026/06/09 22:18:21.043, 0, 278.07, 0, 34, 248262
2026/06/09 22:18:21.043, 1, 252.01, 0, 34, 248262
2026/06/09 22:18:21.043, 2, 445.87, 100, 39, 246654
2026/06/09 22:18:21.043, 3, 446.06, 100, 39, 246654
2026/06/09 22:18:22.044, 0, 239.78, 0, 34, 248262
2026/06/09 22:18:22.044, 1, 236.75, 0, 34, 248262
2026/06/09 22:18:22.044, 2, 443.80, 100, 39, 246654
2026/06/09 22:18:22.044, 3, 447.20, 100, 39, 246654
2026/06/09 22:18:23.044, 0, 239.27, 0, 34, 248262
2026/06/09 22:18:23.044, 1, 236.54, 0, 34, 248262
2026/06/09 22:18:23.044, 2, 443.24, 100, 38, 246654
2026/06/09 22:18:23.044, 3, 446.18, 100, 39, 246654
2026/06/09 22:18:24.044, 0, 239.06, 0, 34, 248262
2026/06/09 22:18:24.044, 1, 236.20, 0, 34, 248262
2026/06/09 22:18:24.044, 2, 441.41, 100, 38, 246654
2026/06/09 22:18:24.044, 3, 441.26, 100, 39, 246654
2026/06/09 22:18:25.044, 0, 239.26, 0, 34, 248262
2026/06/09 22:18:25.045, 1, 236.46, 0, 34, 248262
2026/06/09 22:18:25.045, 2, 441.60, 100, 39, 246654
2026/06/09 22:18:25.045, 3, 444.81, 100, 39, 246654
2026/06/09 22:18:26.045, 0, 240.30, 0, 34, 248262
2026/06/09 22:18:26.045, 1, 235.88, 0, 34, 248262
2026/06/09 22:18:26.045, 2, 442.41, 100, 39, 246654
2026/06/09 22:18:26.045, 3, 444.89, 100, 39, 246654
2026/06/09 22:18:27.045, 0, 262.58, 0, 34, 248262
2026/06/09 22:18:27.045, 1, 259.36, 0, 34, 248262
2026/06/09 22:18:27.045, 2, 443.61, 100, 39, 246654
2026/06/09 22:18:27.045, 3, 446.11, 100, 39, 246654
2026/06/09 22:18:28.045, 0, 239.93, 0, 34, 248262
2026/06/09 22:18:28.045, 1, 236.38, 0, 33, 248262
2026/06/09 22:18:28.047, 2, 446.83, 100, 39, 246654
2026/06/09 22:18:28.047, 3, 445.85, 100, 39, 246654
2026/06/09 22:18:29.047, 0, 239.45, 0, 34, 248262
2026/06/09 22:18:29.047, 1, 236.09, 0, 34, 248262
2026/06/09 22:18:29.047, 2, 445.86, 100, 39, 246654
2026/06/09 22:18:29.047, 3, 445.81, 100, 39, 246654
2026/06/09 22:18:30.047, 0, 239.00, 0, 34, 248262
2026/06/09 22:18:30.047, 1, 236.06, 0, 34, 248262
2026/06/09 22:18:30.047, 2, 448.21, 100, 39, 246654
2026/06/09 22:18:30.047, 3, 447.09, 100, 39, 246654
2026/06/09 22:18:31.047, 0, 240.15, 0, 34, 248262
2026/06/09 22:18:31.047, 1, 236.05, 0, 34, 248262
2026/06/09 22:18:31.047, 2, 446.85, 100, 39, 246654
2026/06/09 22:18:31.047, 3, 447.56, 100, 39, 246654
2026/06/09 22:18:32.047, 0, 238.68, 0, 34, 248262
2026/06/09 22:18:32.048, 1, 236.46, 0, 34, 248262
2026/06/09 22:18:32.048, 2, 445.57, 100, 39, 246654
2026/06/09 22:18:32.048, 3, 448.24, 100, 39, 246654
2026/06/09 22:18:33.048, 0, 239.23, 0, 34, 248262
2026/06/09 22:18:33.048, 1, 235.58, 0, 34, 248262
2026/06/09 22:18:33.048, 2, 446.15, 100, 39, 246654
2026/06/09 22:18:33.048, 3, 448.77, 100, 39, 246654
2026/06/09 22:18:34.048, 0, 239.94, 0, 34, 248262
2026/06/09 22:18:34.048, 1, 235.41, 0, 34, 248262
2026/06/09 22:18:34.048, 2, 443.67, 100, 39, 246654
2026/06/09 22:18:34.048, 3, 444.90, 100, 39, 246654
2026/06/09 22:18:35.048, 0, 239.14, 0, 34, 248262
2026/06/09 22:18:35.048, 1, 236.35, 0, 34, 248262
2026/06/09 22:18:35.048, 2, 446.21, 100, 39, 246654
2026/06/09 22:18:35.048, 3, 444.95, 100, 39, 246654
2026/06/09 22:18:36.049, 0, 239.78, 0, 34, 248262
2026/06/09 22:18:36.049, 1, 236.36, 0, 34, 248262
2026/06/09 22:18:36.049, 2, 447.84, 100, 39, 246654
2026/06/09 22:18:36.049, 3, 450.33, 100, 39, 246654
2026/06/09 22:18:37.049, 0, 239.44, 0, 34, 248262
2026/06/09 22:18:37.049, 1, 236.23, 0, 34, 248262
2026/06/09 22:18:37.049, 2, 448.16, 100, 39, 246654
2026/06/09 22:18:37.049, 3, 448.54, 100, 39, 246654
2026/06/09 22:18:38.049, 0, 262.26, 0, 34, 248262
2026/06/09 22:18:38.049, 1, 257.96, 0, 34, 248262
2026/06/09 22:18:38.049, 2, 446.68, 100, 39, 246654
2026/06/09 22:18:38.049, 3, 448.61, 100, 39, 246654
2026/06/09 22:18:39.049, 0, 256.15, 0, 34, 248262
2026/06/09 22:18:39.050, 1, 255.64, 0, 34, 248262
2026/06/09 22:18:39.050, 2, 446.17, 100, 39, 246654
2026/06/09 22:18:39.050, 3, 449.01, 100, 39, 246654
2026/06/09 22:18:40.050, 0, 239.12, 0, 34, 248262
2026/06/09 22:18:40.050, 1, 236.73, 0, 34, 248262
2026/06/09 22:18:40.050, 2, 445.64, 100, 39, 246654
2026/06/09 22:18:40.050, 3, 450.36, 100, 39, 246654
2026/06/09 22:18:41.050, 0, 239.79, 0, 34, 248262
2026/06/09 22:18:41.050, 1, 236.29, 0, 34, 248262
2026/06/09 22:18:41.050, 2, 443.20, 100, 39, 246654
2026/06/09 22:18:41.050, 3, 444.54, 100, 39, 246654
2026/06/09 22:18:42.050, 0, 239.15, 0, 34, 248262
2026/06/09 22:18:42.050, 1, 235.98, 0, 34, 248262
2026/06/09 22:18:42.050, 2, 442.01, 100, 39, 246654
2026/06/09 22:18:42.051, 3, 443.40, 100, 39, 246654
2026/06/09 22:18:43.051, 0, 239.29, 0, 34, 248262
2026/06/09 22:18:43.051, 1, 236.11, 0, 34, 248262
2026/06/09 22:18:43.051, 2, 442.94, 100, 39, 246654
2026/06/09 22:18:43.051, 3, 445.34, 100, 39, 246654
2026/06/09 22:18:44.051, 0, 239.78, 0, 34, 248262
2026/06/09 22:18:44.051, 1, 236.60, 0, 34, 248262
2026/06/09 22:18:44.051, 2, 445.44, 100, 39, 246654
2026/06/09 22:18:44.051, 3, 445.82, 100, 39, 246654
2026/06/09 22:18:45.051, 0, 239.44, 0, 34, 248262
2026/06/09 22:18:45.051, 1, 236.38, 0, 34, 248262
2026/06/09 22:18:45.051, 2, 446.88, 100, 39, 246654
2026/06/09 22:18:45.051, 3, 447.25, 100, 39, 246654
2026/06/09 22:18:46.052, 0, 239.55, 0, 34, 248262
2026/06/09 22:18:46.052, 1, 235.98, 0, 34, 248262
2026/06/09 22:18:46.052, 2, 447.30, 100, 39, 246654
2026/06/09 22:18:46.052, 3, 446.95, 100, 39, 246654
2026/06/09 22:18:47.052, 0, 239.26, 0, 34, 248262
2026/06/09 22:18:47.052, 1, 236.23, 0, 34, 248262
2026/06/09 22:18:47.052, 2, 447.96, 100, 39, 246654
2026/06/09 22:18:47.052, 3, 449.97, 100, 39, 246654
2026/06/09 22:18:48.052, 0, 239.34, 0, 34, 248262
2026/06/09 22:18:48.052, 1, 235.78, 0, 34, 248262
2026/06/09 22:18:48.052, 2, 445.25, 100, 39, 246654
2026/06/09 22:18:48.052, 3, 447.02, 100, 39, 246654
2026/06/09 22:18:49.053, 0, 239.51, 0, 34, 248262
2026/06/09 22:18:49.053, 1, 236.51, 0, 34, 248262
2026/06/09 22:18:49.053, 2, 446.65, 100, 39, 246654
2026/06/09 22:18:49.053, 3, 446.22, 100, 39, 246654
2026/06/09 22:18:50.053, 0, 238.68, 0, 34, 248262
2026/06/09 22:18:50.053, 1, 235.62, 0, 34, 248262
2026/06/09 22:18:50.053, 2, 448.23, 100, 39, 246654
2026/06/09 22:18:50.053, 3, 448.38, 100, 39, 246654
2026/06/09 22:18:51.053, 0, 239.82, 0, 34, 248262
2026/06/09 22:18:51.053, 1, 236.22, 0, 34, 248262
2026/06/09 22:18:51.053, 2, 445.45, 100, 39, 246654
2026/06/09 22:18:51.053, 3, 446.71, 100, 39, 246654
2026/06/09 22:18:52.053, 0, 239.96, 0, 34, 248262
2026/06/09 22:18:52.053, 1, 235.23, 0, 34, 248262
2026/06/09 22:18:52.053, 2, 450.89, 100, 39, 246654
2026/06/09 22:18:52.053, 3, 451.98, 100, 39, 246654
2026/06/09 22:18:53.054, 0, 239.46, 0, 34, 248262
2026/06/09 22:18:53.054, 1, 236.22, 0, 34, 248262
2026/06/09 22:18:53.054, 2, 449.65, 100, 39, 246654
2026/06/09 22:18:53.054, 3, 449.88, 100, 39, 246654
2026/06/09 22:18:54.054, 0, 239.05, 0, 34, 248262
2026/06/09 22:18:54.054, 1, 235.66, 0, 34, 248262
2026/06/09 22:18:54.054, 2, 449.81, 100, 39, 246654
2026/06/09 22:18:54.054, 3, 450.72, 100, 39, 246654
2026/06/09 22:18:55.054, 0, 257.53, 0, 34, 248262
2026/06/09 22:18:55.054, 1, 253.18, 0, 34, 248262
2026/06/09 22:18:55.054, 2, 448.45, 100, 39, 246654
2026/06/09 22:18:55.054, 3, 450.72, 100, 39, 246654
2026/06/09 22:18:56.054, 0, 239.42, 0, 34, 248262
2026/06/09 22:18:56.055, 1, 236.47, 0, 34, 248262
2026/06/09 22:18:56.055, 2, 450.42, 100, 39, 246654
2026/06/09 22:18:56.055, 3, 452.13, 100, 39, 246654
2026/06/09 22:18:57.055, 0, 239.20, 0, 34, 248262
2026/06/09 22:18:57.055, 1, 236.54, 0, 34, 248262
2026/06/09 22:18:57.055, 2, 448.58, 100, 39, 246654
2026/06/09 22:18:57.055, 3, 449.77, 100, 39, 246654
2026/06/09 22:18:58.055, 0, 239.54, 0, 34, 248262
2026/06/09 22:18:58.055, 1, 236.54, 0, 34, 248262
2026/06/09 22:18:58.055, 2, 446.53, 100, 39, 246654
2026/06/09 22:18:58.055, 3, 448.82, 100, 39, 246654
2026/06/09 22:18:59.055, 0, 239.27, 0, 34, 248262
2026/06/09 22:18:59.055, 1, 236.31, 0, 34, 248262
2026/06/09 22:18:59.055, 2, 447.21, 100, 39, 246654
2026/06/09 22:18:59.056, 3, 450.49, 100, 39, 246654
2026/06/09 22:19:00.056, 0, 259.99, 0, 34, 248262
2026/06/09 22:19:00.056, 1, 258.94, 0, 34, 248262
2026/06/09 22:19:00.056, 2, 446.38, 98, 39, 246654
2026/06/09 22:19:00.056, 3, 448.01, 100, 39, 246654
2026/06/09 22:19:01.056, 0, 239.22, 0, 34, 248262
2026/06/09 22:19:01.056, 1, 235.95, 0, 34, 248262
2026/06/09 22:19:01.056, 2, 451.07, 100, 39, 246654
2026/06/09 22:19:01.056, 3, 450.86, 100, 39, 246654
2026/06/09 22:19:02.056, 0, 293.68, 0, 34, 248262
2026/06/09 22:19:02.056, 1, 276.17, 0, 34, 248262
2026/06/09 22:19:02.056, 2, 448.27, 98, 39, 246654
2026/06/09 22:19:02.056, 3, 448.15, 100, 39, 246654
2026/06/09 22:19:03.056, 0, 262.71, 0, 34, 248262
2026/06/09 22:19:03.057, 1, 261.70, 0, 34, 248262
2026/06/09 22:19:03.057, 2, 445.61, 100, 39, 246654
2026/06/09 22:19:03.057, 3, 448.23, 100, 39, 246654
2026/06/09 22:19:04.057, 0, 251.00, 0, 34, 248262
2026/06/09 22:19:04.057, 1, 259.75, 0, 34, 248262
2026/06/09 22:19:04.057, 2, 446.43, 98, 39, 246654
2026/06/09 22:19:04.057, 3, 449.20, 100, 39, 246654
2026/06/09 22:19:05.057, 0, 239.13, 0, 34, 248262
2026/06/09 22:19:05.057, 1, 236.72, 0, 34, 248262
2026/06/09 22:19:05.057, 2, 446.96, 100, 39, 246654
2026/06/09 22:19:05.057, 3, 449.74, 100, 39, 246654
2026/06/09 22:19:06.057, 0, 239.34, 0, 34, 248262
2026/06/09 22:19:06.057, 1, 236.16, 0, 34, 248262
2026/06/09 22:19:06.057, 2, 448.29, 100, 39, 246654
2026/06/09 22:19:06.057, 3, 447.39, 100, 39, 246654
2026/06/09 22:19:07.057, 0, 239.29, 0, 34, 248262
2026/06/09 22:19:07.058, 1, 236.60, 0, 34, 248262
2026/06/09 22:19:07.058, 2, 447.13, 100, 39, 246654
2026/06/09 22:19:07.058, 3, 448.70, 100, 39, 246654
2026/06/09 22:19:08.058, 0, 240.60, 0, 34, 248262
2026/06/09 22:19:08.058, 1, 237.07, 0, 34, 248262
2026/06/09 22:19:08.058, 2, 447.26, 100, 39, 246654
2026/06/09 22:19:08.058, 3, 451.38, 100, 39, 246654
2026/06/09 22:19:09.058, 0, 263.53, 0, 34, 248262
2026/06/09 22:19:09.058, 1, 250.63, 0, 34, 248262
2026/06/09 22:19:09.058, 2, 447.96, 98, 39, 246654
2026/06/09 22:19:09.058, 3, 452.21, 100, 39, 246654
2026/06/09 22:19:10.058, 0, 280.43, 0, 34, 248262
2026/06/09 22:19:10.058, 1, 249.69, 0, 34, 248262
2026/06/09 22:19:10.058, 2, 446.72, 100, 39, 246654
2026/06/09 22:19:10.058, 3, 447.65, 100, 39, 246654
2026/06/09 22:19:11.058, 0, 280.13, 0, 34, 248262
2026/06/09 22:19:11.059, 1, 250.65, 0, 34, 248262
2026/06/09 22:19:11.059, 2, 442.16, 100, 38, 246654
2026/06/09 22:19:11.059, 3, 444.18, 100, 39, 246654
2026/06/09 22:19:12.059, 0, 276.95, 0, 34, 248262
2026/06/09 22:19:12.060, 1, 252.08, 0, 34, 248262
2026/06/09 22:19:12.060, 2, 441.66, 100, 39, 246656
2026/06/09 22:19:12.060, 3, 442.77, 100, 39, 246656
2026/06/09 22:19:13.060, 0, 239.51, 0, 34, 248262
2026/06/09 22:19:13.060, 1, 236.61, 0, 34, 248262
2026/06/09 22:19:13.060, 2, 446.69, 100, 39, 246656
2026/06/09 22:19:13.060, 3, 446.07, 100, 39, 246656
2026/06/09 22:19:14.060, 0, 239.32, 0, 34, 248262
2026/06/09 22:19:14.060, 1, 236.47, 0, 34, 248262
2026/06/09 22:19:14.060, 2, 445.46, 100, 39, 246656
2026/06/09 22:19:14.060, 3, 445.17, 100, 39, 246656
2026/06/09 22:19:15.060, 0, 239.98, 0, 34, 248262
2026/06/09 22:19:15.060, 1, 236.12, 0, 34, 248262
2026/06/09 22:19:15.060, 2, 445.91, 100, 39, 246656
2026/06/09 22:19:15.061, 3, 446.08, 100, 39, 246656
2026/06/09 22:19:16.061, 0, 239.91, 0, 34, 248262
2026/06/09 22:19:16.061, 1, 236.17, 0, 34, 248262
2026/06/09 22:19:16.061, 2, 447.09, 100, 39, 246656
2026/06/09 22:19:16.061, 3, 448.95, 100, 39, 246656
2026/06/09 22:19:17.061, 0, 255.73, 0, 34, 248262
2026/06/09 22:19:17.061, 1, 249.09, 0, 34, 248262
2026/06/09 22:19:17.061, 2, 446.26, 100, 39, 246656
2026/06/09 22:19:17.061, 3, 447.38, 100, 39, 246656
2026/06/09 22:19:18.061, 0, 257.02, 0, 34, 248262
2026/06/09 22:19:18.061, 1, 276.80, 0, 34, 248262
2026/06/09 22:19:18.061, 2, 442.29, 100, 39, 246656
2026/06/09 22:19:18.061, 3, 446.27, 100, 39, 246656
2026/06/09 22:19:19.061, 0, 239.81, 0, 34, 248262
2026/06/09 22:19:19.062, 1, 236.25, 0, 34, 248262
2026/06/09 22:19:19.062, 2, 444.94, 100, 39, 246656
2026/06/09 22:19:19.062, 3, 445.25, 100, 39, 246656
2026/06/09 22:19:20.062, 0, 240.36, 0, 34, 248262
2026/06/09 22:19:20.062, 1, 236.35, 0, 34, 248262
2026/06/09 22:19:20.062, 2, 444.25, 100, 39, 246656
2026/06/09 22:19:20.062, 3, 446.52, 100, 39, 246656
2026/06/09 22:19:21.062, 0, 249.31, 0, 34, 248262
2026/06/09 22:19:21.062, 1, 258.85, 0, 34, 248262
2026/06/09 22:19:21.062, 2, 443.29, 98, 38, 246656
2026/06/09 22:19:21.062, 3, 443.04, 100, 39, 246656
2026/06/09 22:19:22.062, 0, 238.93, 0, 34, 248262
2026/06/09 22:19:22.062, 1, 236.32, 0, 34, 248262
2026/06/09 22:19:22.062, 2, 441.04, 100, 38, 246656
2026/06/09 22:19:22.063, 3, 441.12, 100, 39, 246656
2026/06/09 22:19:23.063, 0, 256.93, 0, 34, 248262
2026/06/09 22:19:23.063, 1, 255.32, 0, 34, 248262
2026/06/09 22:19:23.063, 2, 440.19, 100, 38, 246656
2026/06/09 22:19:23.063, 3, 438.96, 100, 39, 246656
2026/06/09 22:19:24.063, 0, 239.29, 0, 34, 248262
2026/06/09 22:19:24.063, 1, 236.36, 0, 34, 248262
2026/06/09 22:19:24.063, 2, 442.90, 100, 38, 246656
2026/06/09 22:19:24.063, 3, 442.04, 100, 39, 246656
2026/06/09 22:19:25.063, 0, 239.13, 0, 34, 248262
2026/06/09 22:19:25.063, 1, 235.77, 0, 34, 248262
2026/06/09 22:19:25.063, 2, 439.91, 100, 38, 246656
2026/06/09 22:19:25.063, 3, 441.78, 100, 39, 246656
2026/06/09 22:19:26.064, 0, 238.62, 0, 34, 248262
2026/06/09 22:19:26.064, 1, 236.58, 0, 33, 248262
2026/06/09 22:19:26.064, 2, 442.30, 100, 38, 246656
2026/06/09 22:19:26.064, 3, 442.50, 100, 39, 246656
2026/06/09 22:19:27.064, 0, 239.28, 0, 34, 248262
2026/06/09 22:19:27.064, 1, 236.38, 0, 33, 248262
2026/06/09 22:19:27.064, 2, 440.59, 100, 38, 246656
2026/06/09 22:19:27.064, 3, 441.86, 100, 38, 246656
2026/06/09 22:19:28.064, 0, 239.24, 0, 34, 248262
2026/06/09 22:19:28.064, 1, 236.04, 0, 33, 248262
2026/06/09 22:19:28.064, 2, 441.72, 100, 38, 246656
2026/06/09 22:19:28.064, 3, 442.90, 100, 39, 246656
2026/06/09 22:19:29.064, 0, 257.64, 0, 34, 248262
2026/06/09 22:19:29.064, 1, 256.51, 0, 34, 248262
2026/06/09 22:19:29.065, 2, 440.96, 100, 38, 246656
2026/06/09 22:19:29.065, 3, 441.86, 100, 39, 246656
2026/06/09 22:19:30.065, 0, 239.49, 0, 34, 248262
2026/06/09 22:19:30.065, 1, 235.71, 0, 33, 248262
2026/06/09 22:19:30.065, 2, 442.85, 100, 38, 246656
2026/06/09 22:19:30.065, 3, 438.87, 100, 38, 246656
2026/06/09 22:19:31.065, 0, 239.36, 0, 33, 248262
2026/06/09 22:19:31.065, 1, 236.71, 0, 33, 248262
2026/06/09 22:19:31.065, 2, 439.68, 100, 38, 246656
2026/06/09 22:19:31.065, 3, 439.23, 100, 38, 246656
2026/06/09 22:19:32.065, 0, 239.24, 0, 33, 248262
2026/06/09 22:19:32.065, 1, 236.12, 0, 33, 248262
2026/06/09 22:19:32.065, 2, 441.10, 100, 38, 246656
2026/06/09 22:19:32.065, 3, 442.83, 100, 39, 246656
2026/06/09 22:19:33.066, 0, 250.85, 0, 34, 248262
2026/06/09 22:19:33.066, 1, 261.75, 0, 34, 248262
2026/06/09 22:19:33.066, 2, 439.68, 100, 38, 246656
2026/06/09 22:19:33.066, 3, 441.96, 100, 38, 246656
2026/06/09 22:19:34.066, 0, 258.92, 0, 34, 248262
2026/06/09 22:19:34.066, 1, 246.15, 0, 34, 248262
2026/06/09 22:19:34.066, 2, 441.23, 98, 38, 246656
2026/06/09 22:19:34.066, 3, 442.04, 100, 39, 246656
2026/06/09 22:19:35.066, 0, 238.62, 0, 34, 248262
2026/06/09 22:19:35.066, 1, 236.54, 0, 33, 248262
2026/06/09 22:19:35.066, 2, 442.73, 100, 38, 246656
2026/06/09 22:19:35.066, 3, 443.37, 100, 39, 246656
2026/06/09 22:19:36.066, 0, 238.61, 0, 33, 248262
2026/06/09 22:19:36.067, 1, 235.96, 0, 33, 248262
2026/06/09 22:19:36.067, 2, 441.23, 100, 38, 246656
2026/06/09 22:19:36.067, 3, 443.93, 100, 39, 246656
2026/06/09 22:19:37.067, 0, 239.09, 0, 33, 248262
2026/06/09 22:19:37.067, 1, 236.22, 0, 33, 248262
2026/06/09 22:19:37.067, 2, 443.08, 100, 38, 246656
2026/06/09 22:19:37.067, 3, 443.39, 100, 39, 246656
2026/06/09 22:19:38.067, 0, 239.36, 0, 33, 248262
2026/06/09 22:19:38.067, 1, 235.93, 0, 33, 248262
2026/06/09 22:19:38.067, 2, 443.17, 100, 38, 246656
2026/06/09 22:19:38.067, 3, 445.39, 100, 39, 246656
2026/06/09 22:19:39.067, 0, 239.67, 0, 33, 248262
2026/06/09 22:19:39.067, 1, 236.26, 0, 33, 248262
2026/06/09 22:19:39.067, 2, 444.65, 100, 38, 246656
2026/06/09 22:19:39.067, 3, 443.54, 100, 38, 246656
2026/06/09 22:19:40.067, 0, 256.91, 0, 34, 248262
2026/06/09 22:19:40.068, 1, 255.70, 0, 33, 248262
2026/06/09 22:19:40.068, 2, 443.63, 100, 38, 246656
2026/06/09 22:19:40.068, 3, 444.29, 100, 38, 246656
2026/06/09 22:19:41.068, 0, 262.56, 0, 34, 248262
2026/06/09 22:19:41.068, 1, 247.30, 0, 33, 248262
2026/06/09 22:19:41.068, 2, 441.90, 100, 38, 246656
2026/06/09 22:19:41.068, 3, 443.81, 100, 38, 246656
2026/06/09 22:19:42.068, 0, 239.70, 0, 33, 248262
2026/06/09 22:19:42.068, 1, 235.87, 0, 33, 248262
2026/06/09 22:19:42.068, 2, 442.29, 100, 38, 246656
2026/06/09 22:19:42.068, 3, 444.17, 100, 38, 246656
2026/06/09 22:19:43.068, 0, 239.21, 0, 33, 248262
2026/06/09 22:19:43.068, 1, 235.91, 0, 33, 248262
2026/06/09 22:19:43.068, 2, 442.02, 100, 38, 246656
2026/06/09 22:19:43.068, 3, 439.98, 100, 38, 246656
2026/06/09 22:19:44.068, 0, 239.59, 0, 33, 248262
2026/06/09 22:19:44.069, 1, 235.81, 0, 33, 248262
2026/06/09 22:19:44.069, 2, 441.64, 100, 38, 246656
2026/06/09 22:19:44.069, 3, 440.89, 100, 38, 246656
2026/06/09 22:19:45.069, 0, 239.43, 0, 33, 248262
2026/06/09 22:19:45.069, 1, 235.78, 0, 33, 248262
2026/06/09 22:19:45.069, 2, 442.52, 100, 38, 246656
2026/06/09 22:19:45.069, 3, 441.45, 100, 38, 246656
2026/06/09 22:19:46.069, 0, 239.05, 0, 33, 248262
2026/06/09 22:19:46.069, 1, 236.07, 0, 33, 248262
2026/06/09 22:19:46.069, 2, 441.93, 100, 38, 246656
2026/06/09 22:19:46.069, 3, 440.97, 100, 38, 246656
2026/06/09 22:19:47.069, 0, 238.67, 0, 33, 248262
2026/06/09 22:19:47.069, 1, 236.44, 0, 33, 248262
2026/06/09 22:19:47.070, 2, 441.39, 100, 38, 246656
2026/06/09 22:19:47.070, 3, 442.96, 100, 38, 246656
2026/06/09 22:19:48.070, 0, 238.68, 0, 33, 248262
2026/06/09 22:19:48.070, 1, 238.81, 0, 33, 248262
2026/06/09 22:19:48.070, 2, 444.35, 100, 38, 246656
2026/06/09 22:19:48.070, 3, 440.94, 100, 38, 246656
2026/06/09 22:19:49.070, 0, 256.82, 0, 33, 248262
2026/06/09 22:19:49.070, 1, 252.09, 0, 33, 248262
2026/06/09 22:19:49.070, 2, 442.39, 100, 38, 246656
2026/06/09 22:19:49.070, 3, 443.15, 100, 38, 246656
2026/06/09 22:19:50.070, 0, 249.27, 0, 34, 248262
2026/06/09 22:19:50.070, 1, 255.71, 0, 34, 248262
2026/06/09 22:19:50.070, 2, 442.63, 100, 38, 246656
2026/06/09 22:19:50.070, 3, 444.35, 100, 38, 246656
2026/06/09 22:19:51.071, 0, 239.08, 0, 33, 248262
2026/06/09 22:19:51.071, 1, 236.01, 0, 33, 248262
2026/06/09 22:19:51.071, 2, 443.85, 100, 38, 246656
2026/06/09 22:19:51.071, 3, 444.19, 100, 38, 246656
2026/06/09 22:19:52.071, 0, 238.90, 0, 33, 248262
2026/06/09 22:19:52.071, 1, 236.20, 0, 33, 248262
2026/06/09 22:19:52.071, 2, 437.14, 100, 38, 246656
2026/06/09 22:19:52.071, 3, 438.78, 100, 38, 246656
2026/06/09 22:19:53.071, 0, 238.76, 0, 33, 248262
2026/06/09 22:19:53.071, 1, 236.06, 0, 33, 248262
2026/06/09 22:19:53.071, 2, 439.35, 100, 38, 246656
2026/06/09 22:19:53.071, 3, 443.19, 100, 38, 246656
2026/06/09 22:19:54.071, 0, 238.90, 0, 33, 248262
2026/06/09 22:19:54.072, 1, 236.17, 0, 33, 248262
2026/06/09 22:19:54.072, 2, 441.43, 100, 38, 246656
2026/06/09 22:19:54.072, 3, 441.76, 100, 38, 246656
2026/06/09 22:19:55.072, 0, 238.91, 0, 33, 248262
2026/06/09 22:19:55.072, 1, 236.10, 0, 33, 248262
2026/06/09 22:19:55.072, 2, 440.96, 100, 38, 246656
2026/06/09 22:19:55.072, 3, 443.59, 100, 38, 246656
2026/06/09 22:19:56.072, 0, 238.60, 0, 33, 248262
2026/06/09 22:19:56.072, 1, 236.20, 0, 33, 248262
2026/06/09 22:19:56.072, 2, 442.41, 100, 38, 246656
2026/06/09 22:19:56.072, 3, 441.59, 100, 38, 246656
2026/06/09 22:19:57.072, 0, 238.22, 0, 33, 248262
2026/06/09 22:19:57.072, 1, 236.29, 0, 33, 248262
2026/06/09 22:19:57.072, 2, 443.30, 100, 38, 246656
2026/06/09 22:19:57.073, 3, 442.90, 100, 38, 246656
2026/06/09 22:19:58.073, 0, 238.14, 0, 33, 248262
2026/06/09 22:19:58.073, 1, 235.78, 0, 33, 248262
2026/06/09 22:19:58.073, 2, 446.10, 100, 38, 246656
2026/06/09 22:19:58.073, 3, 445.27, 100, 38, 246656
2026/06/09 22:19:59.073, 0, 238.38, 0, 33, 248262
2026/06/09 22:19:59.073, 1, 236.24, 0, 33, 248262
2026/06/09 22:19:59.073, 2, 444.51, 100, 38, 246656
2026/06/09 22:19:59.073, 3, 444.76, 100, 38, 246656
2026/06/09 22:20:00.073, 0, 238.37, 0, 33, 248262
2026/06/09 22:20:00.073, 1, 235.61, 0, 33, 248262
2026/06/09 22:20:00.073, 2, 447.11, 100, 38, 246656
2026/06/09 22:20:00.073, 3, 447.73, 100, 39, 246656
2026/06/09 22:20:01.073, 0, 238.52, 0, 33, 248262
2026/06/09 22:20:01.074, 1, 236.53, 0, 33, 248262
2026/06/09 22:20:01.074, 2, 446.30, 100, 38, 246656
2026/06/09 22:20:01.074, 3, 449.54, 100, 38, 246656
2026/06/09 22:20:02.074, 0, 239.36, 0, 33, 248262
2026/06/09 22:20:02.074, 1, 235.65, 0, 33, 248262
2026/06/09 22:20:02.074, 2, 442.60, 100, 38, 246656
2026/06/09 22:20:02.074, 3, 445.96, 100, 38, 246656
2026/06/09 22:20:03.074, 0, 276.18, 0, 34, 248262
2026/06/09 22:20:03.074, 1, 252.83, 0, 33, 248262
2026/06/09 22:20:03.074, 2, 447.11, 100, 38, 246656
2026/06/09 22:20:03.074, 3, 446.28, 100, 38, 246656
2026/06/09 22:20:04.074, 0, 259.66, 32, 35, 248262
2026/06/09 22:20:04.074, 1, 257.60, 51, 34, 248262
2026/06/09 22:20:04.075, 2, 443.10, 100, 38, 246656
2026/06/09 22:20:04.075, 3, 444.45, 100, 38, 246656
2026/06/09 22:20:05.075, 0, 239.12, 0, 33, 248262
2026/06/09 22:20:05.075, 1, 236.37, 0, 33, 248262
2026/06/09 22:20:05.075, 2, 443.32, 100, 38, 246656
2026/06/09 22:20:05.075, 3, 442.48, 100, 38, 246656
2026/06/09 22:20:06.075, 0, 238.38, 0, 33, 248262
2026/06/09 22:20:06.075, 1, 236.04, 0, 33, 248262
2026/06/09 22:20:06.075, 2, 443.36, 100, 38, 246656
2026/06/09 22:20:06.075, 3, 442.61, 100, 38, 246656
2026/06/09 22:20:07.075, 0, 238.38, 0, 33, 248262
2026/06/09 22:20:07.075, 1, 236.12, 0, 33, 248262
2026/06/09 22:20:07.075, 2, 443.04, 100, 38, 246656
2026/06/09 22:20:07.075, 3, 442.95, 100, 38, 246656
2026/06/09 22:20:08.076, 0, 239.60, 0, 34, 248262
2026/06/09 22:20:08.076, 1, 237.40, 0, 33, 248262
2026/06/09 22:20:08.076, 2, 445.50, 100, 38, 246656
2026/06/09 22:20:08.076, 3, 443.40, 100, 39, 246656
2026/06/09 22:20:09.076, 0, 238.45, 0, 34, 248262
2026/06/09 22:20:09.076, 1, 236.39, 0, 33, 248262
2026/06/09 22:20:09.076, 2, 446.55, 100, 39, 246656
2026/06/09 22:20:09.076, 3, 446.88, 100, 39, 246656
2026/06/09 22:20:10.076, 0, 238.30, 0, 34, 248262
2026/06/09 22:20:10.076, 1, 236.54, 0, 33, 248262
2026/06/09 22:20:10.076, 2, 445.43, 100, 39, 246656
2026/06/09 22:20:10.076, 3, 447.84, 100, 39, 246656
2026/06/09 22:20:11.076, 0, 266.24, 0, 34, 248262
2026/06/09 22:20:11.077, 1, 297.45, 0, 34, 248262
2026/06/09 22:20:11.077, 2, 445.07, 100, 39, 246656
2026/06/09 22:20:11.077, 3, 445.20, 100, 39, 246656
2026/06/09 22:20:12.077, 0, 291.96, 5, 35, 248262
2026/06/09 22:20:12.077, 1, 261.76, 10, 34, 248262
2026/06/09 22:20:12.077, 2, 443.64, 98, 39, 246656
2026/06/09 22:20:12.077, 3, 446.60, 99, 39, 246656
2026/06/09 22:20:13.077, 0, 268.53, 1, 34, 248262
2026/06/09 22:20:13.077, 1, 268.83, 14, 34, 248262
2026/06/09 22:20:13.077, 2, 447.06, 98, 39, 246656
2026/06/09 22:20:13.077, 3, 448.29, 98, 39, 246656
2026/06/09 22:20:14.077, 0, 239.37, 0, 34, 248262
2026/06/09 22:20:14.078, 1, 236.95, 0, 34, 248262
2026/06/09 22:20:14.078, 2, 445.04, 100, 38, 246656
2026/06/09 22:20:14.078, 3, 447.32, 100, 39, 246656
2026/06/09 22:20:15.078, 0, 277.34, 76, 37, 248262
2026/06/09 22:20:15.078, 1, 255.10, 25, 34, 248262
2026/06/09 22:20:15.078, 2, 441.58, 100, 38, 246656
2026/06/09 22:20:15.078, 3, 444.82, 98, 39, 246656
2026/06/09 22:20:16.078, 0, 259.31, 0, 34, 248262
2026/06/09 22:20:16.085, 1, 258.17, 0, 34, 248262
2026/06/09 22:20:16.085, 2, 446.53, 100, 38, 246656
2026/06/09 22:20:16.085, 3, 447.40, 100, 39, 246656
2026/06/09 22:20:17.085, 0, 238.59, 0, 34, 248262
2026/06/09 22:20:17.085, 1, 237.10, 0, 34, 248262
2026/06/09 22:20:17.085, 2, 445.82, 100, 39, 246656
2026/06/09 22:20:17.086, 3, 449.16, 100, 39, 246656
2026/06/09 22:20:18.086, 0, 266.55, 0, 34, 248262
2026/06/09 22:20:18.086, 1, 249.88, 0, 34, 248262
2026/06/09 22:20:18.086, 2, 443.70, 100, 38, 246656
2026/06/09 22:20:18.086, 3, 447.67, 100, 39, 246656
2026/06/09 22:20:19.086, 0, 248.35, 0, 34, 248262
2026/06/09 22:20:19.086, 1, 258.06, 0, 34, 248262
2026/06/09 22:20:19.086, 2, 444.42, 100, 38, 246656
2026/06/09 22:20:19.086, 3, 445.57, 100, 39, 246656
2026/06/09 22:20:20.086, 0, 257.83, 0, 34, 248262
2026/06/09 22:20:20.086, 1, 256.03, 4, 34, 248262
2026/06/09 22:20:20.086, 2, 445.43, 98, 38, 246656
2026/06/09 22:20:20.086, 3, 445.93, 100, 39, 246656
2026/06/09 22:20:21.087, 0, 238.68, 0, 34, 248262
2026/06/09 22:20:21.087, 1, 237.62, 0, 34, 248262
2026/06/09 22:20:21.087, 2, 445.12, 100, 38, 246656
2026/06/09 22:20:21.087, 3, 446.89, 100, 39, 246656
2026/06/09 22:20:22.087, 0, 238.22, 0, 34, 248262
2026/06/09 22:20:22.087, 1, 236.34, 0, 33, 248262
2026/06/09 22:20:22.087, 2, 446.08, 100, 38, 246656
2026/06/09 22:20:22.087, 3, 447.48, 100, 39, 246656
2026/06/09 22:20:23.087, 0, 238.14, 0, 34, 248262
2026/06/09 22:20:23.087, 1, 236.72, 0, 33, 248262
2026/06/09 22:20:23.087, 2, 445.42, 100, 38, 246656
2026/06/09 22:20:23.087, 3, 446.90, 100, 39, 246656
2026/06/09 22:20:24.087, 0, 238.43, 0, 33, 248262
2026/06/09 22:20:24.088, 1, 236.71, 0, 33, 248262
2026/06/09 22:20:24.088, 2, 443.13, 100, 38, 246656
2026/06/09 22:20:24.088, 3, 443.04, 100, 39, 246656
2026/06/09 22:20:25.088, 0, 262.50, 0, 34, 248262
2026/06/09 22:20:25.088, 1, 247.21, 0, 34, 248262
2026/06/09 22:20:25.088, 2, 441.38, 98, 38, 246656
2026/06/09 22:20:25.088, 3, 443.98, 100, 39, 246656
2026/06/09 22:20:26.088, 0, 238.21, 0, 34, 248262
2026/06/09 22:20:26.088, 1, 237.05, 0, 33, 248262
2026/06/09 22:20:26.088, 2, 443.10, 100, 38, 246656
2026/06/09 22:20:26.088, 3, 444.45, 100, 38, 246656
2026/06/09 22:20:27.088, 0, 257.17, 0, 34, 248262
2026/06/09 22:20:27.088, 1, 255.78, 0, 34, 248262
2026/06/09 22:20:27.088, 2, 443.22, 100, 38, 246656
2026/06/09 22:20:27.089, 3, 445.35, 100, 38, 246656
2026/06/09 22:20:28.089, 0, 238.21, 0, 33, 248262
2026/06/09 22:20:28.089, 1, 237.36, 0, 33, 248262
2026/06/09 22:20:28.089, 2, 446.03, 100, 38, 246656
2026/06/09 22:20:28.089, 3, 447.79, 100, 39, 246656
2026/06/09 22:20:29.089, 0, 273.64, 0, 34, 248262
2026/06/09 22:20:29.089, 1, 250.55, 0, 34, 248262
2026/06/09 22:20:29.089, 2, 444.99, 100, 38, 246656
2026/06/09 22:20:29.089, 3, 445.18, 100, 39, 246656
2026/06/09 22:20:30.089, 0, 238.21, 0, 34, 248262
2026/06/09 22:20:30.089, 1, 237.21, 0, 33, 248262
2026/06/09 22:20:30.089, 2, 447.07, 100, 38, 246656
2026/06/09 22:20:30.089, 3, 449.45, 100, 39, 246656
2026/06/09 22:20:31.089, 0, 238.14, 0, 33, 248262
2026/06/09 22:20:31.090, 1, 236.84, 0, 33, 248262
2026/06/09 22:20:31.090, 2, 445.56, 100, 38, 246656
2026/06/09 22:20:31.090, 3, 445.91, 100, 39, 246656
2026/06/09 22:20:32.090, 0, 259.88, 35, 34, 248262
2026/06/09 22:20:32.090, 1, 248.48, 21, 34, 248262
2026/06/09 22:20:32.090, 2, 444.39, 100, 38, 246656
2026/06/09 22:20:32.090, 3, 444.69, 98, 38, 246656
2026/06/09 22:20:33.090, 0, 238.30, 0, 33, 248262
2026/06/09 22:20:33.091, 1, 237.12, 0, 33, 248262
2026/06/09 22:20:33.091, 2, 447.32, 100, 38, 246656
2026/06/09 22:20:33.091, 3, 447.67, 100, 39, 246656
2026/06/09 22:20:34.091, 0, 248.79, 0, 33, 248262
2026/06/09 22:20:34.091, 1, 256.07, 0, 33, 248262
2026/06/09 22:20:34.091, 2, 446.14, 100, 38, 246656
2026/06/09 22:20:34.091, 3, 447.46, 100, 39, 246656
2026/06/09 22:20:35.091, 0, 238.14, 0, 33, 248262
2026/06/09 22:20:35.091, 1, 236.22, 0, 33, 248262
2026/06/09 22:20:35.091, 2, 448.16, 100, 38, 246656
2026/06/09 22:20:35.091, 3, 450.98, 100, 39, 246656
2026/06/09 22:20:36.091, 0, 259.07, 0, 33, 248262
2026/06/09 22:20:36.091, 1, 248.96, 0, 33, 248262
2026/06/09 22:20:36.091, 2, 447.78, 100, 38, 246656
2026/06/09 22:20:36.092, 3, 447.20, 100, 38, 246656
2026/06/09 22:20:37.092, 0, 238.14, 0, 33, 248262
2026/06/09 22:20:37.092, 1, 236.89, 0, 33, 248262
2026/06/09 22:20:37.092, 2, 447.17, 100, 38, 246656
2026/06/09 22:20:37.092, 3, 448.81, 100, 38, 246656
2026/06/09 22:20:38.092, 0, 238.30, 0, 33, 248262
2026/06/09 22:20:38.092, 1, 236.56, 0, 33, 248262
2026/06/09 22:20:38.092, 2, 444.65, 100, 38, 246656
2026/06/09 22:20:38.092, 3, 447.51, 100, 38, 246656
2026/06/09 22:20:39.092, 0, 263.12, 0, 34, 248262
2026/06/09 22:20:39.092, 1, 260.27, 1, 34, 248262
2026/06/09 22:20:39.092, 2, 445.48, 98, 38, 246656
2026/06/09 22:20:39.092, 3, 447.39, 100, 38, 246656
2026/06/09 22:20:40.093, 0, 238.14, 0, 33, 248262
2026/06/09 22:20:40.093, 1, 236.59, 0, 33, 248262
2026/06/09 22:20:40.093, 2, 446.71, 100, 38, 246656
2026/06/09 22:20:40.093, 3, 449.34, 100, 38, 246656
2026/06/09 22:20:41.093, 0, 238.14, 0, 33, 248262
2026/06/09 22:20:41.093, 1, 236.68, 0, 33, 248262
2026/06/09 22:20:41.093, 2, 448.13, 100, 38, 246656
2026/06/09 22:20:41.093, 3, 449.47, 100, 38, 246656
2026/06/09 22:20:42.093, 0, 238.14, 0, 33, 248262
2026/06/09 22:20:42.093, 1, 236.04, 0, 33, 248262
2026/06/09 22:20:42.093, 2, 447.43, 100, 38, 246656
2026/06/09 22:20:42.093, 3, 448.07, 100, 38, 246656
2026/06/09 22:20:43.093, 0, 238.14, 0, 33, 248262
2026/06/09 22:20:43.093, 1, 235.83, 0, 33, 248262
2026/06/09 22:20:43.094, 2, 446.07, 100, 38, 246656
2026/06/09 22:20:43.094, 3, 447.21, 100, 38, 246656
2026/06/09 22:20:44.094, 0, 238.14, 0, 33, 248262
2026/06/09 22:20:44.094, 1, 236.36, 0, 33, 248262
2026/06/09 22:20:44.094, 2, 447.48, 100, 38, 246656
2026/06/09 22:20:44.094, 3, 447.15, 100, 38, 246656
2026/06/09 22:20:45.094, 0, 238.14, 0, 33, 248262
2026/06/09 22:20:45.094, 1, 236.18, 0, 33, 248262
2026/06/09 22:20:45.094, 2, 447.81, 100, 38, 246656
2026/06/09 22:20:45.094, 3, 447.82, 100, 38, 246656
2026/06/09 22:20:46.094, 0, 238.14, 0, 33, 248262
2026/06/09 22:20:46.094, 1, 236.15, 0, 33, 248262
2026/06/09 22:20:46.094, 2, 445.16, 100, 38, 246656
2026/06/09 22:20:46.094, 3, 446.82, 100, 38, 246656
2026/06/09 22:20:47.095, 0, 238.14, 0, 33, 248262
2026/06/09 22:20:47.095, 1, 236.42, 0, 33, 248262
2026/06/09 22:20:47.095, 2, 446.93, 100, 38, 246656
2026/06/09 22:20:47.095, 3, 447.32, 100, 38, 246656
2026/06/09 22:20:48.095, 0, 238.14, 0, 33, 248262
2026/06/09 22:20:48.095, 1, 236.01, 0, 33, 248262
2026/06/09 22:20:48.095, 2, 445.97, 100, 38, 246656
2026/06/09 22:20:48.095, 3, 446.73, 100, 38, 246656
2026/06/09 22:20:49.095, 0, 238.14, 0, 33, 248262
2026/06/09 22:20:49.095, 1, 235.29, 0, 33, 248262
2026/06/09 22:20:49.095, 2, 448.81, 100, 38, 246656
2026/06/09 22:20:49.095, 3, 447.29, 100, 38, 246656
2026/06/09 22:20:50.095, 0, 238.22, 0, 33, 248262
2026/06/09 22:20:50.096, 1, 236.23, 0, 33, 248262
2026/06/09 22:20:50.096, 2, 448.91, 100, 38, 246656
2026/06/09 22:20:50.096, 3, 450.40, 100, 38, 246656
2026/06/09 22:20:51.096, 0, 238.22, 0, 33, 248262
2026/06/09 22:20:51.096, 1, 236.37, 0, 33, 248262
2026/06/09 22:20:51.096, 2, 447.86, 100, 38, 246656
2026/06/09 22:20:51.096, 3, 448.78, 100, 38, 246656
2026/06/09 22:20:52.096, 0, 238.14, 0, 33, 248262
2026/06/09 22:20:52.096, 1, 235.72, 0, 33, 248262
2026/06/09 22:20:52.096, 2, 448.79, 100, 38, 246656
2026/06/09 22:20:52.096, 3, 449.78, 100, 38, 246656
2026/06/09 22:20:53.096, 0, 238.14, 0, 33, 248262
2026/06/09 22:20:53.096, 1, 235.80, 0, 33, 248262
2026/06/09 22:20:53.096, 2, 450.61, 100, 38, 246656
2026/06/09 22:20:53.097, 3, 449.20, 100, 38, 246656
2026/06/09 22:20:54.097, 0, 238.14, 0, 33, 248262
2026/06/09 22:20:54.097, 1, 236.14, 0, 33, 248262
2026/06/09 22:20:54.097, 2, 448.08, 100, 38, 246656
2026/06/09 22:20:54.097, 3, 450.05, 100, 38, 246656
2026/06/09 22:20:55.097, 0, 238.14, 0, 33, 248262
2026/06/09 22:20:55.097, 1, 235.96, 0, 33, 248262
2026/06/09 22:20:55.097, 2, 451.55, 100, 38, 246656
2026/06/09 22:20:55.097, 3, 451.73, 100, 39, 246656
2026/06/09 22:20:56.097, 0, 238.14, 0, 33, 248262
2026/06/09 22:20:56.097, 1, 236.46, 0, 33, 248262
2026/06/09 22:20:56.097, 2, 452.22, 100, 38, 246656
2026/06/09 22:20:56.097, 3, 451.55, 100, 39, 246656
2026/06/09 22:20:57.097, 0, 238.14, 0, 33, 248262
2026/06/09 22:20:57.098, 1, 235.57, 0, 33, 248262
2026/06/09 22:20:57.098, 2, 452.67, 100, 38, 246656
2026/06/09 22:20:57.098, 3, 452.77, 100, 39, 246656
2026/06/09 22:20:58.098, 0, 238.14, 0, 33, 248262
2026/06/09 22:20:58.098, 1, 236.08, 0, 33, 248262
2026/06/09 22:20:58.098, 2, 450.26, 100, 38, 246656
2026/06/09 22:20:58.098, 3, 451.94, 100, 39, 246656
2026/06/09 22:20:59.098, 0, 238.14, 0, 33, 248262
2026/06/09 22:20:59.098, 1, 236.02, 0, 33, 248262
2026/06/09 22:20:59.098, 2, 448.30, 100, 38, 246656
2026/06/09 22:20:59.098, 3, 447.28, 100, 38, 246656
2026/06/09 22:21:00.098, 0, 264.84, 0, 34, 248262
2026/06/09 22:21:00.098, 1, 263.69, 0, 33, 248262
2026/06/09 22:21:00.098, 2, 448.36, 100, 38, 246656
2026/06/09 22:21:00.098, 3, 450.87, 100, 38, 246656
2026/06/09 22:21:01.099, 0, 264.53, 0, 33, 248262
2026/06/09 22:21:01.099, 1, 261.66, 0, 33, 248262
2026/06/09 22:21:01.099, 2, 446.46, 100, 38, 246656
2026/06/09 22:21:01.099, 3, 449.18, 100, 38, 246656
2026/06/09 22:21:02.099, 0, 238.22, 0, 33, 248262
2026/06/09 22:21:02.099, 1, 236.33, 0, 33, 248262
2026/06/09 22:21:02.099, 2, 450.64, 100, 38, 246656
2026/06/09 22:21:02.099, 3, 449.21, 100, 38, 246656
2026/06/09 22:21:03.099, 0, 257.90, 70, 36, 248262
2026/06/09 22:21:03.099, 1, 248.31, 0, 34, 248262
2026/06/09 22:21:03.099, 2, 448.51, 100, 38, 246656
2026/06/09 22:21:03.099, 3, 451.88, 100, 38, 246656
2026/06/09 22:21:04.099, 0, 253.61, 0, 33, 248262
2026/06/09 22:21:04.100, 1, 237.20, 0, 33, 248262
2026/06/09 22:21:04.100, 2, 451.97, 100, 38, 246656
2026/06/09 22:21:04.100, 3, 450.55, 100, 39, 246656
2026/06/09 22:21:05.100, 0, 272.43, 0, 34, 248262
2026/06/09 22:21:05.100, 1, 250.08, 19, 34, 248262
2026/06/09 22:21:05.100, 2, 449.55, 98, 38, 246656
2026/06/09 22:21:05.100, 3, 449.31, 100, 39, 246656
2026/06/09 22:21:06.100, 0, 238.44, 0, 34, 248262
2026/06/09 22:21:06.100, 1, 237.17, 0, 33, 248262
2026/06/09 22:21:06.100, 2, 451.17, 100, 38, 246656
2026/06/09 22:21:06.100, 3, 453.03, 100, 39, 246656
2026/06/09 22:21:07.100, 0, 253.40, 0, 34, 248262
2026/06/09 22:21:07.100, 1, 259.03, 0, 34, 248262
2026/06/09 22:21:07.100, 2, 450.93, 100, 39, 246656
2026/06/09 22:21:07.100, 3, 450.55, 100, 39, 246656
2026/06/09 22:21:08.100, 0, 240.19, 0, 34, 248262
2026/06/09 22:21:08.101, 1, 238.34, 0, 34, 248262
2026/06/09 22:21:08.101, 2, 451.45, 100, 39, 246656
2026/06/09 22:21:08.101, 3, 453.07, 100, 39, 246656
2026/06/09 22:21:09.101, 0, 238.37, 0, 34, 248262
2026/06/09 22:21:09.101, 1, 236.96, 0, 33, 248262
2026/06/09 22:21:09.101, 2, 452.93, 100, 39, 246656
2026/06/09 22:21:09.101, 3, 450.96, 100, 39, 246656
2026/06/09 22:21:10.101, 0, 238.14, 0, 34, 248262
2026/06/09 22:21:10.101, 1, 237.10, 0, 34, 248262
2026/06/09 22:21:10.101, 2, 450.20, 100, 39, 246656
2026/06/09 22:21:10.101, 3, 451.88, 100, 39, 246656
2026/06/09 22:21:11.101, 0, 238.14, 0, 34, 248262
2026/06/09 22:21:11.101, 1, 236.81, 0, 34, 248262
2026/06/09 22:21:11.101, 2, 450.65, 100, 39, 246656
2026/06/09 22:21:11.101, 3, 453.27, 100, 39, 246656
2026/06/09 22:21:12.102, 0, 238.14, 0, 34, 248262
2026/06/09 22:21:12.102, 1, 237.11, 0, 34, 248262
2026/06/09 22:21:12.102, 2, 451.84, 100, 39, 246656
2026/06/09 22:21:12.102, 3, 452.45, 100, 39, 246656
2026/06/09 22:21:13.102, 0, 238.30, 0, 34, 248262
2026/06/09 22:21:13.102, 1, 237.17, 0, 34, 248262
2026/06/09 22:21:13.102, 2, 451.42, 100, 39, 246656
2026/06/09 22:21:13.102, 3, 452.96, 100, 39, 246656
2026/06/09 22:21:14.102, 0, 238.14, 0, 34, 248262
2026/06/09 22:21:14.102, 1, 237.12, 0, 34, 248262
2026/06/09 22:21:14.102, 2, 452.28, 100, 39, 246656
2026/06/09 22:21:14.102, 3, 451.94, 100, 39, 246656
2026/06/09 22:21:15.102, 0, 261.05, 0, 34, 248262
2026/06/09 22:21:15.103, 1, 259.61, 0, 34, 248262
2026/06/09 22:21:15.103, 2, 449.16, 100, 39, 246656
2026/06/09 22:21:15.103, 3, 450.30, 100, 39, 246656
2026/06/09 22:21:16.103, 0, 267.37, 9, 35, 248262
2026/06/09 22:21:16.103, 1, 284.18, 0, 36, 248262
2026/06/09 22:21:16.103, 2, 446.79, 100, 39, 246656
2026/06/09 22:21:16.103, 3, 448.72, 100, 39, 246656
2026/06/09 22:21:17.103, 0, 244.88, 0, 34, 248262
2026/06/09 22:21:17.103, 1, 238.95, 0, 34, 248262
2026/06/09 22:21:17.103, 2, 448.38, 100, 39, 246656
2026/06/09 22:21:17.103, 3, 450.78, 100, 39, 246656
2026/06/09 22:21:18.103, 0, 238.30, 0, 34, 248262
2026/06/09 22:21:18.104, 1, 237.48, 0, 34, 248262
2026/06/09 22:21:18.104, 2, 448.29, 100, 39, 246656
2026/06/09 22:21:18.104, 3, 448.51, 100, 39, 246656
2026/06/09 22:21:19.104, 0, 274.82, 0, 34, 248262
2026/06/09 22:21:19.104, 1, 251.02, 0, 34, 248262
2026/06/09 22:21:19.104, 2, 446.74, 100, 39, 246656
2026/06/09 22:21:19.104, 3, 446.84, 100, 39, 246656
2026/06/09 22:21:20.104, 0, 238.46, 0, 34, 248262
2026/06/09 22:21:20.104, 1, 237.58, 0, 34, 248262
2026/06/09 22:21:20.104, 2, 448.19, 100, 39, 246656
2026/06/09 22:21:20.104, 3, 449.55, 100, 39, 246656
2026/06/09 22:21:21.104, 0, 238.54, 0, 34, 248262
2026/06/09 22:21:21.104, 1, 237.65, 0, 34, 248262
2026/06/09 22:21:21.104, 2, 447.32, 100, 39, 246656
2026/06/09 22:21:21.104, 3, 448.78, 100, 39, 246656
2026/06/09 22:21:22.105, 0, 266.14, 44, 35, 248262
2026/06/09 22:21:22.105, 1, 249.20, 27, 34, 248262
2026/06/09 22:21:22.105, 2, 448.62, 100, 39, 246656
2026/06/09 22:21:22.105, 3, 448.93, 98, 39, 246656
2026/06/09 22:21:23.105, 0, 238.73, 0, 34, 248262
2026/06/09 22:21:23.105, 1, 237.73, 0, 34, 248262
2026/06/09 22:21:23.105, 2, 451.79, 100, 39, 246656
2026/06/09 22:21:23.105, 3, 452.68, 100, 39, 246656
2026/06/09 22:21:24.105, 0, 238.14, 0, 34, 248262
2026/06/09 22:21:24.105, 1, 236.68, 0, 34, 248262
2026/06/09 22:21:24.105, 2, 451.18, 100, 39, 246656
2026/06/09 22:21:24.105, 3, 450.22, 100, 39, 246656
2026/06/09 22:21:25.105, 0, 238.38, 0, 34, 248262
2026/06/09 22:21:25.106, 1, 237.27, 0, 34, 248262
2026/06/09 22:21:25.106, 2, 449.69, 100, 39, 246656
2026/06/09 22:21:25.106, 3, 450.52, 100, 39, 246656
2026/06/09 22:21:26.106, 0, 263.20, 0, 34, 248262
2026/06/09 22:21:26.106, 1, 249.74, 0, 34, 248262
2026/06/09 22:21:26.106, 2, 449.88, 100, 39, 246656
2026/06/09 22:21:26.106, 3, 448.98, 100, 39, 246656
2026/06/09 22:21:27.106, 0, 259.48, 17, 35, 248262
2026/06/09 22:21:27.106, 1, 275.19, 8, 35, 248262
2026/06/09 22:21:27.106, 2, 450.23, 100, 39, 246656
2026/06/09 22:21:27.106, 3, 451.52, 100, 39, 246656
2026/06/09 22:21:28.106, 0, 247.73, 0, 34, 248262
2026/06/09 22:21:28.106, 1, 239.73, 0, 34, 248262
2026/06/09 22:21:28.106, 2, 451.51, 100, 39, 246656
2026/06/09 22:21:28.106, 3, 451.15, 100, 39, 246656
2026/06/09 22:21:29.107, 0, 238.22, 0, 34, 248262
2026/06/09 22:21:29.107, 1, 237.52, 0, 34, 248262
2026/06/09 22:21:29.107, 2, 452.25, 100, 39, 246656
2026/06/09 22:21:29.107, 3, 450.19, 100, 39, 246656
2026/06/09 22:21:30.107, 0, 238.37, 0, 34, 248262
2026/06/09 22:21:30.107, 1, 237.21, 0, 34, 248262
2026/06/09 22:21:30.107, 2, 448.38, 100, 39, 246656
2026/06/09 22:21:30.107, 3, 448.06, 100, 39, 246656
2026/06/09 22:21:31.107, 0, 238.30, 0, 34, 248262
2026/06/09 22:21:31.107, 1, 237.44, 0, 34, 248262
2026/06/09 22:21:31.107, 2, 446.91, 100, 39, 246656
2026/06/09 22:21:31.107, 3, 448.43, 100, 39, 246656
2026/06/09 22:21:32.107, 0, 238.30, 0, 34, 248262
2026/06/09 22:21:32.107, 1, 237.20, 0, 33, 248262
2026/06/09 22:21:32.107, 2, 449.71, 100, 39, 246656
2026/06/09 22:21:32.107, 3, 449.78, 100, 39, 246656
2026/06/09 22:21:33.108, 0, 274.13, 0, 34, 248262
2026/06/09 22:21:33.108, 1, 252.07, 0, 34, 248262
2026/06/09 22:21:33.108, 2, 448.49, 100, 39, 246656
2026/06/09 22:21:33.108, 3, 451.77, 100, 39, 246656
2026/06/09 22:21:34.108, 0, 238.38, 0, 34, 248262
2026/06/09 22:21:34.108, 1, 236.83, 0, 33, 248262
2026/06/09 22:21:34.108, 2, 451.83, 100, 39, 246656
2026/06/09 22:21:34.108, 3, 450.78, 100, 39, 246656
2026/06/09 22:21:35.108, 0, 238.23, 0, 33, 248262
2026/06/09 22:21:35.108, 1, 236.90, 0, 33, 248262
2026/06/09 22:21:35.108, 2, 449.19, 100, 38, 246656
2026/06/09 22:21:35.108, 3, 451.88, 100, 39, 246656
2026/06/09 22:21:36.108, 0, 271.19, 0, 34, 248262
2026/06/09 22:21:36.109, 1, 251.71, 30, 34, 248262
2026/06/09 22:21:36.109, 2, 448.64, 100, 38, 246656
2026/06/09 22:21:36.109, 3, 449.43, 100, 39, 246656
2026/06/09 22:21:37.109, 0, 238.37, 0, 33, 248262
2026/06/09 22:21:37.109, 1, 237.04, 0, 33, 248262
2026/06/09 22:21:37.109, 2, 450.35, 100, 38, 246656
2026/06/09 22:21:37.109, 3, 451.11, 100, 39, 246656
2026/06/09 22:21:38.109, 0, 238.22, 0, 33, 248262
2026/06/09 22:21:38.109, 1, 244.13, 0, 35, 248262
2026/06/09 22:21:38.109, 2, 451.27, 100, 38, 246656
2026/06/09 22:21:38.109, 3, 453.20, 100, 39, 246656
2026/06/09 22:21:39.109, 0, 250.19, 0, 33, 248262
2026/06/09 22:21:39.109, 1, 259.36, 0, 33, 248262
2026/06/09 22:21:39.109, 2, 450.16, 100, 38, 246656
2026/06/09 22:21:39.109, 3, 452.10, 100, 39, 246656
2026/06/09 22:21:40.110, 0, 249.30, 0, 33, 248262
2026/06/09 22:21:40.110, 1, 254.29, 0, 33, 248262
2026/06/09 22:21:40.110, 2, 449.10, 100, 38, 246656
2026/06/09 22:21:40.110, 3, 450.07, 100, 38, 246656
2026/06/09 22:21:41.110, 0, 249.02, 0, 33, 248262
2026/06/09 22:21:41.110, 1, 258.83, 0, 34, 248262
2026/06/09 22:21:41.110, 2, 448.34, 100, 38, 246656
2026/06/09 22:21:41.110, 3, 449.42, 100, 39, 246656
2026/06/09 22:21:42.110, 0, 281.54, 0, 34, 248262
2026/06/09 22:21:42.110, 1, 259.81, 0, 34, 248262
2026/06/09 22:21:42.110, 2, 446.20, 100, 38, 246656
2026/06/09 22:21:42.110, 3, 449.93, 100, 39, 246656
2026/06/09 22:21:43.110, 0, 265.20, 11, 35, 248262
2026/06/09 22:21:43.111, 1, 283.09, 0, 37, 248262
2026/06/09 22:21:43.111, 2, 447.57, 100, 38, 246656
2026/06/09 22:21:43.111, 3, 450.95, 100, 38, 246656
2026/06/09 22:21:44.111, 0, 273.51, 0, 34, 248262
2026/06/09 22:21:44.111, 1, 254.19, 0, 33, 248262
2026/06/09 22:21:44.111, 2, 451.39, 100, 38, 246656
2026/06/09 22:21:44.111, 3, 451.09, 100, 38, 246656
2026/06/09 22:21:45.111, 0, 238.14, 0, 33, 248262
2026/06/09 22:21:45.111, 1, 236.82, 0, 33, 248262
2026/06/09 22:21:45.111, 2, 450.33, 100, 38, 246656
2026/06/09 22:21:45.111, 3, 451.54, 100, 38, 246656
2026/06/09 22:21:46.111, 0, 238.14, 0, 33, 248262
2026/06/09 22:21:46.112, 1, 236.57, 0, 33, 248262
2026/06/09 22:21:46.112, 2, 452.16, 100, 38, 246656
2026/06/09 22:21:46.112, 3, 454.12, 100, 39, 246656
2026/06/09 22:21:47.112, 0, 238.30, 0, 33, 248262
2026/06/09 22:21:47.112, 1, 235.71, 0, 33, 248262
2026/06/09 22:21:47.112, 2, 451.92, 100, 38, 246656
2026/06/09 22:21:47.112, 3, 452.95, 100, 38, 246656
2026/06/09 22:21:48.112, 0, 238.14, 0, 33, 248262
2026/06/09 22:21:48.112, 1, 235.97, 0, 33, 248262
2026/06/09 22:21:48.112, 2, 453.16, 100, 38, 246656
2026/06/09 22:21:48.112, 3, 452.03, 100, 38, 246656
2026/06/09 22:21:49.112, 0, 243.43, 3, 33, 248262
2026/06/09 22:21:49.119, 1, 251.33, 0, 35, 248262
2026/06/09 22:21:49.121, 2, 452.78, 100, 38, 246656
2026/06/09 22:21:49.121, 3, 451.92, 100, 38, 246656
2026/06/09 22:21:50.121, 0, 251.07, 0, 33, 248262
2026/06/09 22:21:50.121, 1, 246.06, 0, 33, 248262
2026/06/09 22:21:50.122, 2, 450.44, 100, 38, 246656
2026/06/09 22:21:50.122, 3, 452.65, 100, 38, 246656
2026/06/09 22:21:51.122, 0, 238.14, 0, 33, 248262
2026/06/09 22:21:51.122, 1, 236.13, 0, 33, 248262
2026/06/09 22:21:51.122, 2, 450.65, 100, 38, 246656
2026/06/09 22:21:51.122, 3, 450.98, 100, 38, 246656
2026/06/09 22:21:52.122, 0, 273.85, 0, 33, 248264
2026/06/09 22:21:52.123, 1, 252.35, 0, 33, 248264
2026/06/09 22:21:52.123, 2, 447.85, 100, 38, 246656
2026/06/09 22:21:52.123, 3, 450.67, 100, 38, 246656
2026/06/09 22:21:53.123, 0, 238.14, 0, 33, 248264
2026/06/09 22:21:53.123, 1, 236.12, 0, 33, 248264
2026/06/09 22:21:53.123, 2, 451.43, 100, 38, 246656
2026/06/09 22:21:53.123, 3, 453.29, 100, 38, 246656
2026/06/09 22:21:54.123, 0, 238.14, 0, 33, 248264
2026/06/09 22:21:54.123, 1, 235.63, 0, 33, 248264
2026/06/09 22:21:54.123, 2, 451.08, 100, 38, 246656
2026/06/09 22:21:54.123, 3, 451.50, 100, 38, 246656
2026/06/09 22:21:55.123, 0, 238.14, 0, 33, 248264
2026/06/09 22:21:55.124, 1, 235.65, 0, 33, 248264
2026/06/09 22:21:55.124, 2, 449.39, 100, 38, 246656
2026/06/09 22:21:55.124, 3, 450.71, 100, 38, 246656
2026/06/09 22:21:56.124, 0, 238.14, 0, 33, 248264
2026/06/09 22:21:56.124, 1, 235.45, 0, 33, 248264
2026/06/09 22:21:56.124, 2, 449.61, 100, 38, 246656
2026/06/09 22:21:56.124, 3, 449.58, 100, 38, 246656
2026/06/09 22:21:57.124, 0, 266.45, 0, 33, 248264
2026/06/09 22:21:57.124, 1, 250.11, 0, 33, 248264
2026/06/09 22:21:57.124, 2, 448.71, 97, 38, 246656
2026/06/09 22:21:57.124, 3, 449.87, 100, 38, 246656
2026/06/09 22:21:58.124, 0, 238.14, 0, 33, 248264
2026/06/09 22:21:58.124, 1, 236.26, 0, 33, 248264
2026/06/09 22:21:58.124, 2, 451.32, 100, 38, 246656
2026/06/09 22:21:58.124, 3, 453.52, 100, 38, 246656
2026/06/09 22:21:59.125, 0, 240.29, 0, 33, 248264
2026/06/09 22:21:59.125, 1, 246.41, 0, 35, 248264
2026/06/09 22:21:59.125, 2, 453.11, 100, 38, 246656
2026/06/09 22:21:59.125, 3, 454.08, 100, 38, 246656
2026/06/09 22:22:00.125, 0, 248.98, 0, 33, 248264
2026/06/09 22:22:00.125, 1, 257.77, 0, 33, 248264
2026/06/09 22:22:00.125, 2, 451.21, 100, 38, 246656
2026/06/09 22:22:00.125, 3, 453.97, 100, 38, 246656
2026/06/09 22:22:01.125, 0, 238.14, 0, 33, 248264
2026/06/09 22:22:01.125, 1, 235.45, 0, 33, 248264
2026/06/09 22:22:01.125, 2, 450.12, 100, 38, 246656
2026/06/09 22:22:01.125, 3, 450.14, 100, 38, 246656
2026/06/09 22:22:02.125, 0, 255.39, 0, 33, 248264
2026/06/09 22:22:02.125, 1, 271.45, 0, 33, 248264
2026/06/09 22:22:02.126, 2, 451.53, 100, 38, 246656
2026/06/09 22:22:02.126, 3, 452.09, 100, 38, 246656
2026/06/09 22:22:03.126, 0, 238.14, 0, 33, 248264
2026/06/09 22:22:03.126, 1, 236.00, 0, 33, 248264
2026/06/09 22:22:03.126, 2, 454.82, 100, 38, 246656
2026/06/09 22:22:03.126, 3, 455.99, 100, 38, 246656
2026/06/09 22:22:04.126, 0, 238.14, 0, 33, 248264
2026/06/09 22:22:04.126, 1, 235.89, 0, 33, 248264
2026/06/09 22:22:04.126, 2, 453.73, 100, 38, 246656
2026/06/09 22:22:04.126, 3, 453.73, 100, 38, 246656
2026/06/09 22:22:05.126, 0, 261.10, 0, 33, 248264
2026/06/09 22:22:05.126, 1, 247.80, 0, 33, 248264
2026/06/09 22:22:05.126, 2, 455.10, 97, 38, 246656
2026/06/09 22:22:05.127, 3, 455.79, 100, 38, 246656
2026/06/09 22:22:06.127, 0, 238.14, 0, 33, 248264
2026/06/09 22:22:06.127, 1, 235.89, 0, 33, 248264
2026/06/09 22:22:06.127, 2, 452.23, 100, 38, 246656
2026/06/09 22:22:06.127, 3, 451.72, 100, 38, 246656
2026/06/09 22:22:07.127, 0, 238.14, 0, 33, 248264
2026/06/09 22:22:07.127, 1, 235.55, 0, 33, 248264
2026/06/09 22:22:07.127, 2, 452.92, 100, 38, 246656
2026/06/09 22:22:07.127, 3, 454.89, 100, 38, 246656
2026/06/09 22:22:08.127, 0, 239.36, 0, 33, 248264
2026/06/09 22:22:08.127, 1, 236.57, 0, 33, 248264
2026/06/09 22:22:08.127, 2, 455.94, 100, 38, 246656
2026/06/09 22:22:08.127, 3, 454.58, 100, 38, 246656
2026/06/09 22:22:09.127, 0, 253.31, 0, 33, 248264
2026/06/09 22:22:09.128, 1, 269.39, 0, 33, 248264
2026/06/09 22:22:09.128, 2, 454.89, 100, 38, 246656
2026/06/09 22:22:09.128, 3, 454.17, 100, 38, 246656
2026/06/09 22:22:10.128, 0, 238.14, 0, 33, 248264
2026/06/09 22:22:10.128, 1, 236.65, 0, 33, 248264
2026/06/09 22:22:10.128, 2, 455.12, 100, 38, 246656
2026/06/09 22:22:10.128, 3, 458.55, 100, 38, 246656
2026/06/09 22:22:11.128, 0, 282.17, 0, 34, 248264
2026/06/09 22:22:11.128, 1, 260.15, 0, 33, 248264
2026/06/09 22:22:11.128, 2, 451.47, 100, 38, 246656
2026/06/09 22:22:11.128, 3, 454.12, 100, 39, 246656
2026/06/09 22:22:12.128, 0, 274.76, 13, 34, 248264
2026/06/09 22:22:12.129, 1, 279.92, 4, 34, 248264
2026/06/09 22:22:12.129, 2, 450.66, 100, 38, 246656
2026/06/09 22:22:12.129, 3, 453.92, 100, 38, 246656
2026/06/09 22:22:13.129, 0, 241.47, 0, 33, 248264
2026/06/09 22:22:13.129, 1, 237.75, 0, 33, 248264
2026/06/09 22:22:13.129, 2, 450.16, 100, 38, 246656
2026/06/09 22:22:13.129, 3, 454.77, 100, 39, 246656
2026/06/09 22:22:14.129, 0, 238.22, 0, 33, 248264
2026/06/09 22:22:14.129, 1, 236.82, 0, 33, 248264
2026/06/09 22:22:14.129, 2, 452.80, 100, 38, 246656
2026/06/09 22:22:14.129, 3, 452.15, 100, 39, 246656
2026/06/09 22:22:15.129, 0, 238.14, 0, 33, 248264
2026/06/09 22:22:15.130, 1, 237.07, 0, 33, 248264
2026/06/09 22:22:15.130, 2, 450.42, 100, 38, 246656
2026/06/09 22:22:15.130, 3, 451.32, 100, 39, 246656
2026/06/09 22:22:16.130, 0, 238.22, 0, 33, 248264
2026/06/09 22:22:16.130, 1, 236.67, 0, 33, 248264
2026/06/09 22:22:16.130, 2, 451.89, 100, 39, 246656
2026/06/09 22:22:16.130, 3, 452.45, 100, 39, 246656
2026/06/09 22:22:17.130, 0, 238.22, 0, 34, 248264
2026/06/09 22:22:17.130, 1, 236.64, 0, 33, 248264
2026/06/09 22:22:17.130, 2, 452.19, 100, 39, 246656
2026/06/09 22:22:17.130, 3, 453.65, 100, 39, 246656
2026/06/09 22:22:18.130, 0, 238.14, 0, 34, 248264
2026/06/09 22:22:18.130, 1, 237.18, 0, 33, 248264
2026/06/09 22:22:18.130, 2, 454.46, 100, 39, 246656
2026/06/09 22:22:18.131, 3, 454.43, 100, 39, 246656
2026/06/09 22:22:19.131, 0, 238.14, 0, 34, 248264
2026/06/09 22:22:19.131, 1, 237.31, 0, 34, 248264
2026/06/09 22:22:19.131, 2, 453.55, 100, 39, 246656
2026/06/09 22:22:19.131, 3, 454.33, 100, 39, 246656
2026/06/09 22:22:20.131, 0, 238.14, 0, 34, 248264
2026/06/09 22:22:20.133, 1, 237.28, 0, 34, 248264
2026/06/09 22:22:20.133, 2, 452.86, 100, 39, 246656
2026/06/09 22:22:20.133, 3, 453.72, 100, 39, 246656
2026/06/09 22:22:21.133, 0, 238.37, 0, 34, 248264
2026/06/09 22:22:21.133, 1, 236.50, 0, 34, 248264
2026/06/09 22:22:21.133, 2, 455.35, 100, 39, 246656
2026/06/09 22:22:21.133, 3, 453.01, 100, 39, 246656
2026/06/09 22:22:22.133, 0, 238.30, 0, 34, 248264
2026/06/09 22:22:22.133, 1, 236.90, 0, 34, 248264
2026/06/09 22:22:22.133, 2, 453.51, 100, 39, 246656
2026/06/09 22:22:22.133, 3, 454.71, 100, 39, 246656
2026/06/09 22:22:23.133, 0, 238.22, 0, 34, 248264
2026/06/09 22:22:23.134, 1, 237.18, 0, 34, 248264
2026/06/09 22:22:23.134, 2, 453.01, 100, 39, 246656
2026/06/09 22:22:23.134, 3, 454.71, 100, 39, 246656
2026/06/09 22:22:24.134, 0, 238.14, 0, 34, 248264
2026/06/09 22:22:24.134, 1, 237.02, 0, 34, 248264
2026/06/09 22:22:24.134, 2, 452.70, 100, 39, 246656
2026/06/09 22:22:24.134, 3, 454.28, 100, 39, 246656
2026/06/09 22:22:25.134, 0, 238.14, 0, 34, 248264
2026/06/09 22:22:25.134, 1, 236.88, 0, 34, 248264
2026/06/09 22:22:25.134, 2, 455.91, 100, 39, 246656
2026/06/09 22:22:25.134, 3, 457.92, 100, 39, 246656
2026/06/09 22:22:26.134, 0, 260.56, 57, 36, 248264
2026/06/09 22:22:26.135, 1, 246.04, 8, 34, 248264
2026/06/09 22:22:26.135, 2, 457.02, 100, 39, 246656
2026/06/09 22:22:26.135, 3, 456.92, 100, 39, 246656
2026/06/09 22:22:27.135, 0, 244.29, 0, 34, 248264
2026/06/09 22:22:27.135, 1, 237.58, 0, 34, 248264
2026/06/09 22:22:27.135, 2, 449.91, 100, 39, 246656
2026/06/09 22:22:27.135, 3, 451.50, 100, 39, 246656
2026/06/09 22:22:28.135, 0, 269.47, 0, 34, 248264
2026/06/09 22:22:28.135, 1, 249.80, 0, 34, 248264
2026/06/09 22:22:28.135, 2, 449.58, 100, 39, 246656
2026/06/09 22:22:28.135, 3, 449.66, 100, 39, 246656
2026/06/09 22:22:29.135, 0, 238.68, 0, 34, 248264
2026/06/09 22:22:29.135, 1, 237.34, 0, 34, 248264
2026/06/09 22:22:29.135, 2, 449.69, 100, 39, 246656
2026/06/09 22:22:29.135, 3, 452.82, 100, 39, 246656
2026/06/09 22:22:30.136, 0, 238.37, 0, 34, 248264
2026/06/09 22:22:30.136, 1, 237.11, 0, 34, 248264
2026/06/09 22:22:30.136, 2, 449.19, 100, 39, 246656
2026/06/09 22:22:30.136, 3, 448.51, 100, 39, 246656
2026/06/09 22:22:31.136, 0, 238.22, 0, 34, 248264
2026/06/09 22:22:31.136, 1, 237.33, 0, 34, 248264
2026/06/09 22:22:31.136, 2, 449.53, 100, 39, 246656
2026/06/09 22:22:31.136, 3, 448.49, 100, 39, 246656
2026/06/09 22:22:32.136, 0, 238.30, 0, 34, 248264
2026/06/09 22:22:32.136, 1, 237.28, 0, 34, 248264
2026/06/09 22:22:32.136, 2, 448.15, 100, 39, 246656
2026/06/09 22:22:32.137, 3, 448.66, 100, 39, 246656
2026/06/09 22:22:33.137, 0, 238.30, 0, 34, 248264
2026/06/09 22:22:33.137, 1, 237.26, 0, 34, 248264
2026/06/09 22:22:33.137, 2, 449.77, 100, 39, 246656
2026/06/09 22:22:33.137, 3, 449.38, 100, 39, 246656
2026/06/09 22:22:34.137, 0, 259.93, 0, 34, 248264
2026/06/09 22:22:34.137, 1, 258.17, 0, 34, 248264
2026/06/09 22:22:34.137, 2, 450.35, 100, 39, 246656
2026/06/09 22:22:34.137, 3, 451.25, 100, 39, 246656
2026/06/09 22:22:35.137, 0, 238.46, 0, 34, 248264
2026/06/09 22:22:35.138, 1, 237.78, 0, 34, 248264
2026/06/09 22:22:35.138, 2, 450.66, 100, 39, 246656
2026/06/09 22:22:35.138, 3, 451.58, 100, 39, 246656
2026/06/09 22:22:36.138, 0, 238.37, 0, 34, 248264
2026/06/09 22:22:36.138, 1, 237.19, 0, 34, 248264
2026/06/09 22:22:36.138, 2, 450.25, 100, 39, 246656
2026/06/09 22:22:36.138, 3, 451.14, 100, 39, 246656
2026/06/09 22:22:37.138, 0, 238.38, 0, 34, 248264
2026/06/09 22:22:37.138, 1, 237.62, 0, 34, 248264
2026/06/09 22:22:37.138, 2, 451.27, 100, 39, 246656
2026/06/09 22:22:37.138, 3, 449.95, 100, 39, 246656
2026/06/09 22:22:38.138, 0, 238.91, 0, 34, 248264
2026/06/09 22:22:38.138, 1, 237.14, 0, 34, 248264
2026/06/09 22:22:38.138, 2, 450.77, 100, 39, 246656
2026/06/09 22:22:38.138, 3, 449.82, 100, 39, 246656
2026/06/09 22:22:39.138, 0, 238.22, 0, 34, 248264
2026/06/09 22:22:39.138, 1, 237.73, 0, 34, 248264
2026/06/09 22:22:39.139, 2, 451.31, 100, 39, 246656
2026/06/09 22:22:39.139, 3, 450.86, 100, 39, 246656
2026/06/09 22:22:40.139, 0, 238.30, 0, 34, 248264
2026/06/09 22:22:40.139, 1, 237.62, 0, 34, 248264
2026/06/09 22:22:40.139, 2, 447.64, 100, 39, 246656
2026/06/09 22:22:40.139, 3, 447.54, 100, 39, 246656
2026/06/09 22:22:41.139, 0, 238.37, 0, 34, 248264
2026/06/09 22:22:41.139, 1, 237.14, 0, 34, 248264
2026/06/09 22:22:41.139, 2, 447.93, 100, 39, 246656
2026/06/09 22:22:41.139, 3, 448.12, 100, 39, 246656
2026/06/09 22:22:42.139, 0, 238.38, 0, 34, 248264
2026/06/09 22:22:42.139, 1, 237.53, 0, 34, 248264
2026/06/09 22:22:42.139, 2, 448.95, 100, 39, 246656
2026/06/09 22:22:42.139, 3, 448.27, 100, 39, 246656
2026/06/09 22:22:43.139, 0, 238.30, 0, 34, 248264
2026/06/09 22:22:43.140, 1, 237.52, 0, 34, 248264
2026/06/09 22:22:43.140, 2, 448.58, 100, 39, 246656
2026/06/09 22:22:43.140, 3, 448.05, 100, 39, 246656
2026/06/09 22:22:44.140, 0, 273.35, 0, 34, 248264
2026/06/09 22:22:44.140, 1, 267.02, 0, 34, 248264
2026/06/09 22:22:44.140, 2, 447.51, 98, 39, 246656
2026/06/09 22:22:44.140, 3, 447.15, 100, 39, 246656
2026/06/09 22:22:45.140, 0, 261.26, 0, 34, 248264
2026/06/09 22:22:45.140, 1, 247.40, 0, 34, 248264
2026/06/09 22:22:45.140, 2, 447.12, 98, 39, 246656
2026/06/09 22:22:45.140, 3, 450.34, 100, 39, 246656
2026/06/09 22:22:46.140, 0, 238.38, 0, 34, 248264
2026/06/09 22:22:46.141, 1, 237.33, 0, 34, 248264
2026/06/09 22:22:46.141, 2, 450.29, 100, 39, 246656
2026/06/09 22:22:46.141, 3, 453.17, 100, 39, 246656
2026/06/09 22:22:47.141, 0, 238.36, 0, 34, 248264
2026/06/09 22:22:47.141, 1, 237.16, 0, 34, 248264
2026/06/09 22:22:47.141, 2, 449.44, 100, 39, 246656
2026/06/09 22:22:47.141, 3, 449.09, 100, 39, 246656
2026/06/09 22:22:48.141, 0, 238.53, 0, 34, 248264
2026/06/09 22:22:48.141, 1, 237.03, 0, 34, 248264
2026/06/09 22:22:48.141, 2, 449.86, 100, 39, 246656
2026/06/09 22:22:48.141, 3, 449.21, 100, 39, 246656
2026/06/09 22:22:49.141, 0, 238.45, 0, 34, 248264
2026/06/09 22:22:49.141, 1, 236.84, 0, 33, 248264
2026/06/09 22:22:49.141, 2, 450.65, 100, 39, 246656
2026/06/09 22:22:49.142, 3, 450.08, 100, 39, 246656
2026/06/09 22:22:50.142, 0, 238.14, 0, 33, 248264
2026/06/09 22:22:50.142, 1, 236.88, 0, 33, 248264
2026/06/09 22:22:50.142, 2, 447.07, 100, 39, 246656
2026/06/09 22:22:50.142, 3, 448.67, 100, 39, 246656
2026/06/09 22:22:51.142, 0, 238.30, 0, 33, 248264
2026/06/09 22:22:51.142, 1, 236.13, 0, 33, 248264
2026/06/09 22:22:51.142, 2, 448.65, 100, 38, 246656
2026/06/09 22:22:51.142, 3, 448.21, 100, 39, 246656
2026/06/09 22:22:52.142, 0, 238.22, 0, 33, 248264
2026/06/09 22:22:52.143, 1, 236.09, 0, 33, 248264
2026/06/09 22:22:52.143, 2, 447.76, 100, 38, 246656
2026/06/09 22:22:52.143, 3, 449.12, 100, 39, 246656
2026/06/09 22:22:53.143, 0, 238.14, 0, 33, 248264
2026/06/09 22:22:53.143, 1, 236.07, 0, 33, 248264
2026/06/09 22:22:53.143, 2, 450.74, 100, 38, 246656
2026/06/09 22:22:53.143, 3, 449.86, 100, 39, 246656
2026/06/09 22:22:54.143, 0, 238.13, 0, 33, 248264
2026/06/09 22:22:54.143, 1, 235.75, 0, 33, 248264
2026/06/09 22:22:54.143, 2, 449.64, 100, 38, 246656
2026/06/09 22:22:54.143, 3, 450.27, 100, 38, 246656
2026/06/09 22:22:55.143, 0, 273.62, 0, 34, 248264
2026/06/09 22:22:55.144, 1, 250.42, 0, 33, 248264
2026/06/09 22:22:55.144, 2, 449.97, 100, 38, 246656
2026/06/09 22:22:55.144, 3, 448.84, 100, 38, 246656
2026/06/09 22:22:56.144, 0, 260.36, 0, 34, 248264
2026/06/09 22:22:56.144, 1, 246.43, 0, 33, 248264
2026/06/09 22:22:56.144, 2, 451.92, 100, 38, 246656
2026/06/09 22:22:56.144, 3, 452.43, 100, 38, 246656
2026/06/09 22:22:57.144, 0, 238.14, 0, 33, 248264
2026/06/09 22:22:57.144, 1, 236.11, 0, 33, 248264
2026/06/09 22:22:57.144, 2, 451.93, 100, 38, 246656
2026/06/09 22:22:57.144, 3, 450.84, 100, 38, 246656
2026/06/09 22:22:58.144, 0, 238.22, 0, 33, 248264
2026/06/09 22:22:58.144, 1, 236.24, 0, 33, 248264
2026/06/09 22:22:58.145, 2, 451.16, 100, 38, 246656
2026/06/09 22:22:58.145, 3, 450.36, 100, 38, 246656
2026/06/09 22:22:59.145, 0, 238.14, 0, 33, 248264
2026/06/09 22:22:59.145, 1, 235.46, 0, 33, 248264
2026/06/09 22:22:59.145, 2, 450.79, 100, 38, 246656
2026/06/09 22:22:59.145, 3, 450.68, 100, 38, 246656
2026/06/09 22:23:00.145, 0, 238.74, 0, 33, 248264
2026/06/09 22:23:00.145, 1, 247.57, 0, 35, 248264
2026/06/09 22:23:00.145, 2, 451.47, 100, 38, 246656
2026/06/09 22:23:00.145, 3, 451.56, 100, 38, 246656
2026/06/09 22:23:01.145, 0, 259.22, 0, 33, 248264
2026/06/09 22:23:01.145, 1, 251.48, 0, 33, 248264
2026/06/09 22:23:01.145, 2, 450.28, 100, 38, 246656
2026/06/09 22:23:01.145, 3, 449.06, 100, 38, 246656
2026/06/09 22:23:02.145, 0, 238.14, 0, 33, 248264
2026/06/09 22:23:02.146, 1, 235.67, 0, 33, 248264
2026/06/09 22:23:02.146, 2, 449.54, 100, 38, 246656
2026/06/09 22:23:02.146, 3, 449.36, 100, 38, 246656
2026/06/09 22:23:03.146, 0, 238.14, 0, 33, 248264
2026/06/09 22:23:03.146, 1, 235.65, 0, 33, 248264
2026/06/09 22:23:03.146, 2, 449.39, 100, 38, 246656
2026/06/09 22:23:03.146, 3, 450.37, 100, 38, 246656
2026/06/09 22:23:04.146, 0, 268.91, 0, 33, 248264
2026/06/09 22:23:04.146, 1, 251.39, 0, 33, 248264
2026/06/09 22:23:04.146, 2, 450.87, 100, 38, 246656
2026/06/09 22:23:04.146, 3, 453.40, 100, 38, 246656
2026/06/09 22:23:05.146, 0, 238.14, 0, 33, 248264
2026/06/09 22:23:05.146, 1, 235.85, 0, 33, 248264
2026/06/09 22:23:05.147, 2, 451.40, 100, 38, 246656
2026/06/09 22:23:05.147, 3, 453.54, 100, 38, 246656
2026/06/09 22:23:06.147, 0, 261.88, 0, 33, 248264
2026/06/09 22:23:06.147, 1, 259.50, 0, 33, 248264
2026/06/09 22:23:06.147, 2, 450.40, 100, 38, 246656
2026/06/09 22:23:06.147, 3, 451.63, 100, 38, 246656
2026/06/09 22:23:07.147, 0, 238.14, 0, 33, 248264
2026/06/09 22:23:07.147, 1, 235.87, 0, 33, 248264
2026/06/09 22:23:07.147, 2, 450.59, 100, 38, 246656
2026/06/09 22:23:07.147, 3, 452.75, 100, 38, 246656
2026/06/09 22:23:08.147, 0, 239.28, 0, 33, 248264
2026/06/09 22:23:08.147, 1, 235.87, 0, 33, 248264
2026/06/09 22:23:08.147, 2, 452.16, 100, 38, 246656
2026/06/09 22:23:08.147, 3, 452.80, 100, 38, 246656
2026/06/09 22:23:09.147, 0, 238.14, 0, 33, 248264
2026/06/09 22:23:09.148, 1, 235.47, 0, 33, 248264
2026/06/09 22:23:09.148, 2, 453.20, 100, 38, 246656
2026/06/09 22:23:09.148, 3, 451.68, 100, 38, 246656
2026/06/09 22:23:10.148, 0, 267.79, 0, 33, 248264
2026/06/09 22:23:10.148, 1, 263.80, 0, 33, 248264
2026/06/09 22:23:10.148, 2, 449.89, 100, 38, 246656
2026/06/09 22:23:10.148, 3, 451.01, 100, 38, 246656
2026/06/09 22:23:11.148, 0, 262.63, 0, 34, 248264
2026/06/09 22:23:11.148, 1, 246.28, 3, 33, 248264
2026/06/09 22:23:11.148, 2, 450.14, 97, 38, 246656
2026/06/09 22:23:11.148, 3, 451.30, 100, 38, 246656
2026/06/09 22:23:12.148, 0, 238.14, 0, 33, 248264
2026/06/09 22:23:12.148, 1, 235.77, 0, 33, 248264
2026/06/09 22:23:12.148, 2, 451.29, 100, 38, 246656
2026/06/09 22:23:12.148, 3, 450.67, 100, 38, 246656
2026/06/09 22:23:13.149, 0, 238.14, 0, 33, 248264
2026/06/09 22:23:13.149, 1, 235.31, 0, 33, 248264
2026/06/09 22:23:13.149, 2, 448.96, 100, 38, 246656
2026/06/09 22:23:13.149, 3, 450.89, 100, 38, 246656
2026/06/09 22:23:14.149, 0, 238.14, 0, 33, 248264
2026/06/09 22:23:14.149, 1, 235.38, 0, 33, 248264
2026/06/09 22:23:14.149, 2, 450.86, 100, 38, 246656
2026/06/09 22:23:14.149, 3, 453.47, 100, 38, 246656
2026/06/09 22:23:15.149, 0, 258.28, 0, 33, 248264
2026/06/09 22:23:15.149, 1, 254.60, 0, 33, 248264
2026/06/09 22:23:15.149, 2, 448.97, 100, 38, 246656
2026/06/09 22:23:15.149, 3, 448.45, 100, 38, 246656
2026/06/09 22:23:16.149, 0, 238.14, 0, 33, 248264
2026/06/09 22:23:16.150, 1, 234.70, 0, 33, 248264
2026/06/09 22:23:16.150, 2, 447.14, 100, 38, 246656
2026/06/09 22:23:16.150, 3, 446.84, 100, 38, 246656
2026/06/09 22:23:17.150, 0, 252.79, 24, 34, 248264
2026/06/09 22:23:17.150, 1, 268.84, 38, 34, 248264
2026/06/09 22:23:17.150, 2, 448.08, 100, 38, 246656
2026/06/09 22:23:17.150, 3, 447.19, 100, 38, 246656
2026/06/09 22:23:18.150, 0, 238.30, 0, 33, 248264
2026/06/09 22:23:18.150, 1, 236.68, 0, 33, 248264
2026/06/09 22:23:18.150, 2, 449.71, 100, 38, 246656
2026/06/09 22:23:18.150, 3, 450.59, 100, 38, 246656
2026/06/09 22:23:19.150, 0, 246.55, 0, 33, 248264
2026/06/09 22:23:19.150, 1, 246.01, 0, 34, 248264
2026/06/09 22:23:19.151, 2, 451.42, 100, 38, 246656
2026/06/09 22:23:19.151, 3, 450.31, 100, 38, 246656
2026/06/09 22:23:20.151, 0, 328.98, 85, 37, 248264
2026/06/09 22:23:20.152, 1, 266.88, 17, 34, 248264
2026/06/09 22:23:20.152, 2, 448.12, 100, 38, 246656
2026/06/09 22:23:20.152, 3, 450.80, 98, 38, 246656
2026/06/09 22:23:21.152, 0, 248.31, 0, 34, 248264
2026/06/09 22:23:21.152, 1, 255.14, 3, 34, 248264
2026/06/09 22:23:21.152, 2, 449.73, 98, 38, 246656
2026/06/09 22:23:21.152, 3, 451.16, 100, 38, 246656
2026/06/09 22:23:22.152, 0, 238.37, 0, 33, 248264
2026/06/09 22:23:22.152, 1, 236.44, 0, 33, 248264
2026/06/09 22:23:22.153, 2, 451.61, 100, 38, 246656
2026/06/09 22:23:22.153, 3, 450.40, 100, 38, 246656
2026/06/09 22:23:23.153, 0, 238.14, 0, 33, 248264
2026/06/09 22:23:23.153, 1, 235.99, 0, 33, 248264
2026/06/09 22:23:23.153, 2, 448.68, 100, 38, 246656
2026/06/09 22:23:23.153, 3, 448.92, 100, 38, 246656
2026/06/09 22:23:24.153, 0, 238.14, 0, 33, 248264
2026/06/09 22:23:24.153, 1, 236.43, 0, 33, 248264
2026/06/09 22:23:24.153, 2, 451.23, 100, 38, 246656
2026/06/09 22:23:24.153, 3, 450.25, 100, 38, 246656
2026/06/09 22:23:25.153, 0, 238.14, 0, 33, 248264
2026/06/09 22:23:25.153, 1, 235.62, 0, 33, 248264
2026/06/09 22:23:25.153, 2, 451.31, 100, 38, 246656
2026/06/09 22:23:25.153, 3, 452.27, 100, 38, 246656
2026/06/09 22:23:26.154, 0, 238.14, 0, 33, 248264
2026/06/09 22:23:26.154, 1, 236.29, 0, 33, 248264
2026/06/09 22:23:26.154, 2, 452.15, 100, 38, 246656
2026/06/09 22:23:26.154, 3, 453.00, 100, 38, 246656
2026/06/09 22:23:27.154, 0, 238.14, 0, 33, 248264
2026/06/09 22:23:27.154, 1, 235.82, 0, 33, 248264
2026/06/09 22:23:27.154, 2, 451.54, 100, 38, 246656
2026/06/09 22:23:27.154, 3, 454.81, 100, 39, 246656
2026/06/09 22:23:28.154, 0, 238.14, 0, 33, 248264
2026/06/09 22:23:28.154, 1, 235.82, 0, 33, 248264
2026/06/09 22:23:28.154, 2, 451.96, 100, 38, 246656
2026/06/09 22:23:28.154, 3, 452.91, 100, 39, 246656
2026/06/09 22:23:29.154, 0, 254.13, 0, 34, 248264
2026/06/09 22:23:29.154, 1, 272.58, 17, 34, 248264
2026/06/09 22:23:29.154, 2, 452.36, 97, 39, 246656
2026/06/09 22:23:29.154, 3, 451.03, 100, 39, 246656
2026/06/09 22:23:30.155, 0, 238.46, 0, 33, 248264
2026/06/09 22:23:30.155, 1, 236.97, 0, 34, 248264
2026/06/09 22:23:30.155, 2, 457.36, 100, 39, 246656
2026/06/09 22:23:30.155, 3, 455.70, 100, 39, 246656
2026/06/09 22:23:31.155, 0, 238.22, 0, 33, 248264
2026/06/09 22:23:31.155, 1, 236.59, 0, 33, 248264
2026/06/09 22:23:31.155, 2, 451.88, 100, 39, 246656
2026/06/09 22:23:31.155, 3, 453.99, 100, 39, 246656
2026/06/09 22:23:32.155, 0, 255.32, 0, 34, 248264
2026/06/09 22:23:32.155, 1, 276.48, 0, 34, 248264
2026/06/09 22:23:32.155, 2, 453.04, 100, 39, 246656
2026/06/09 22:23:32.155, 3, 453.04, 100, 39, 246656
2026/06/09 22:23:33.156, 0, 270.49, 0, 34, 248264
2026/06/09 22:23:33.156, 1, 251.37, 0, 34, 248264
2026/06/09 22:23:33.156, 2, 454.66, 100, 39, 246656
2026/06/09 22:23:33.156, 3, 455.90, 100, 39, 246656
2026/06/09 22:23:34.156, 0, 255.08, 0, 34, 248264
2026/06/09 22:23:34.156, 1, 246.57, 0, 34, 248264
2026/06/09 22:23:34.156, 2, 453.94, 100, 39, 246656
2026/06/09 22:23:34.156, 3, 454.50, 100, 39, 246656
2026/06/09 22:23:35.156, 0, 276.64, 0, 34, 248264
2026/06/09 22:23:35.157, 1, 253.13, 0, 34, 248264
2026/06/09 22:23:35.157, 2, 452.19, 100, 39, 246656
2026/06/09 22:23:35.157, 3, 455.58, 100, 39, 246656
2026/06/09 22:23:36.157, 0, 300.65, 0, 35, 248264
2026/06/09 22:23:36.157, 1, 262.48, 0, 34, 248264
2026/06/09 22:23:36.157, 2, 438.92, 100, 38, 246656
2026/06/09 22:23:36.157, 3, 437.38, 100, 39, 246656
2026/06/09 22:23:37.157, 0, 238.67, 0, 34, 248264
2026/06/09 22:23:37.157, 1, 237.56, 0, 33, 248264
2026/06/09 22:23:37.157, 2, 454.26, 100, 38, 246656
2026/06/09 22:23:37.157, 3, 453.59, 100, 39, 246656
2026/06/09 22:23:38.157, 0, 238.29, 0, 34, 248264
2026/06/09 22:23:38.157, 1, 236.80, 0, 33, 248264
2026/06/09 22:23:38.157, 2, 455.32, 100, 39, 246656
2026/06/09 22:23:38.158, 3, 454.67, 100, 39, 246656
2026/06/09 22:23:39.158, 0, 261.27, 0, 34, 248264
2026/06/09 22:23:39.158, 1, 247.70, 0, 34, 248264
2026/06/09 22:23:39.158, 2, 450.39, 100, 39, 246656
2026/06/09 22:23:39.158, 3, 451.58, 100, 39, 246656
2026/06/09 22:23:40.158, 0, 253.07, 26, 34, 248264
2026/06/09 22:23:40.158, 1, 273.89, 71, 34, 248264
2026/06/09 22:23:40.158, 2, 449.18, 100, 38, 246656
2026/06/09 22:23:40.158, 3, 447.29, 98, 39, 246656
2026/06/09 22:23:41.158, 0, 238.30, 0, 34, 248264
2026/06/09 22:23:41.158, 1, 237.56, 0, 34, 248264
2026/06/09 22:23:41.158, 2, 448.69, 100, 38, 246656
2026/06/09 22:23:41.158, 3, 447.59, 100, 39, 246656
2026/06/09 22:23:42.159, 0, 238.14, 0, 33, 248264
2026/06/09 22:23:42.159, 1, 236.62, 0, 33, 248264
2026/06/09 22:23:42.159, 2, 449.36, 100, 39, 246656
2026/06/09 22:23:42.159, 3, 449.57, 100, 39, 246656
2026/06/09 22:23:43.159, 0, 238.14, 0, 33, 248264
2026/06/09 22:23:43.159, 1, 236.54, 0, 33, 248264
2026/06/09 22:23:43.159, 2, 451.53, 100, 39, 246656
2026/06/09 22:23:43.159, 3, 449.24, 100, 39, 246656
2026/06/09 22:23:44.159, 0, 248.66, 0, 34, 248264
2026/06/09 22:23:44.159, 1, 252.76, 0, 34, 248264
2026/06/09 22:23:44.160, 2, 448.92, 100, 39, 246656
2026/06/09 22:23:44.160, 3, 447.82, 100, 39, 246656
2026/06/09 22:23:45.160, 0, 238.14, 0, 33, 248264
2026/06/09 22:23:45.160, 1, 237.25, 0, 33, 248264
2026/06/09 22:23:45.160, 2, 449.78, 100, 39, 246656
2026/06/09 22:23:45.160, 3, 447.54, 100, 39, 246656
2026/06/09 22:23:46.160, 0, 238.14, 0, 33, 248264
2026/06/09 22:23:46.160, 1, 236.59, 0, 33, 248264
2026/06/09 22:23:46.160, 2, 451.04, 100, 39, 246656
2026/06/09 22:23:46.160, 3, 449.01, 100, 39, 246656
2026/06/09 22:23:47.160, 0, 238.30, 0, 34, 248264
2026/06/09 22:23:47.161, 1, 237.25, 0, 33, 248264
2026/06/09 22:23:47.161, 2, 449.12, 100, 39, 246656
2026/06/09 22:23:47.161, 3, 449.59, 100, 39, 246656
2026/06/09 22:23:48.161, 0, 238.14, 0, 34, 248264
2026/06/09 22:23:48.161, 1, 236.52, 0, 33, 248264
2026/06/09 22:23:48.161, 2, 453.06, 100, 39, 246656
2026/06/09 22:23:48.161, 3, 453.22, 100, 39, 246656
2026/06/09 22:23:49.161, 0, 238.14, 0, 33, 248264
2026/06/09 22:23:49.161, 1, 237.10, 0, 33, 248264
2026/06/09 22:23:49.161, 2, 450.34, 100, 39, 246656
2026/06/09 22:23:49.161, 3, 452.75, 100, 39, 246656
2026/06/09 22:23:50.161, 0, 238.14, 0, 34, 248264
2026/06/09 22:23:50.162, 1, 236.90, 0, 33, 248264
2026/06/09 22:23:50.162, 2, 449.44, 100, 39, 246656
2026/06/09 22:23:50.162, 3, 449.17, 100, 39, 246656
2026/06/09 22:23:51.162, 0, 238.14, 0, 33, 248264
2026/06/09 22:23:51.162, 1, 236.82, 0, 33, 248264
2026/06/09 22:23:51.162, 2, 452.05, 100, 39, 246656
2026/06/09 22:23:51.162, 3, 450.33, 100, 39, 246656
2026/06/09 22:23:52.162, 0, 238.14, 0, 34, 248264
2026/06/09 22:23:52.162, 1, 236.84, 0, 33, 248264
2026/06/09 22:23:52.162, 2, 452.98, 100, 39, 246656
2026/06/09 22:23:52.162, 3, 447.79, 100, 39, 246656
2026/06/09 22:23:53.162, 0, 238.14, 0, 34, 248264
2026/06/09 22:23:53.162, 1, 237.21, 0, 33, 248264
2026/06/09 22:23:53.163, 2, 452.27, 100, 39, 246656
2026/06/09 22:23:53.163, 3, 450.17, 100, 39, 246656
2026/06/09 22:23:54.163, 0, 238.22, 0, 34, 248264
2026/06/09 22:23:54.163, 1, 237.05, 0, 33, 248264
2026/06/09 22:23:54.163, 2, 450.56, 100, 39, 246656
2026/06/09 22:23:54.163, 3, 449.00, 100, 39, 246656
2026/06/09 22:23:55.163, 0, 238.14, 0, 34, 248264
2026/06/09 22:23:55.163, 1, 236.79, 0, 33, 248264
2026/06/09 22:23:55.163, 2, 451.94, 100, 39, 246656
2026/06/09 22:23:55.163, 3, 450.71, 100, 39, 246656
2026/06/09 22:23:56.163, 0, 238.22, 0, 34, 248264
2026/06/09 22:23:56.164, 1, 236.97, 0, 33, 248264
2026/06/09 22:23:56.164, 2, 451.61, 100, 39, 246656
2026/06/09 22:23:56.164, 3, 451.29, 100, 39, 246656
2026/06/09 22:23:57.164, 0, 238.14, 0, 33, 248264
2026/06/09 22:23:57.164, 1, 237.04, 0, 33, 248264
2026/06/09 22:23:57.164, 2, 453.09, 100, 39, 246656
2026/06/09 22:23:57.164, 3, 452.32, 100, 39, 246656
2026/06/09 22:23:58.164, 0, 238.14, 0, 33, 248264
2026/06/09 22:23:58.164, 1, 236.74, 0, 33, 248264
2026/06/09 22:23:58.164, 2, 453.81, 100, 39, 246656
2026/06/09 22:23:58.164, 3, 450.44, 100, 39, 246656
2026/06/09 22:23:59.164, 0, 260.04, 58, 36, 248264
2026/06/09 22:23:59.165, 1, 256.85, 14, 34, 248264
2026/06/09 22:23:59.165, 2, 451.64, 100, 39, 246656
2026/06/09 22:23:59.165, 3, 451.24, 100, 39, 246656
2026/06/09 22:24:00.165, 0, 238.74, 0, 34, 248264
2026/06/09 22:24:00.165, 1, 237.16, 0, 34, 248264
2026/06/09 22:24:00.165, 2, 451.65, 100, 39, 246656
2026/06/09 22:24:00.165, 3, 453.47, 100, 39, 246656
2026/06/09 22:24:01.165, 0, 238.14, 0, 34, 248264
2026/06/09 22:24:01.165, 1, 236.72, 0, 33, 248264
2026/06/09 22:24:01.165, 2, 452.63, 100, 39, 246656
2026/06/09 22:24:01.165, 3, 451.62, 100, 39, 246656
2026/06/09 22:24:02.165, 0, 285.67, 0, 34, 248264
2026/06/09 22:24:02.165, 1, 280.48, 5, 34, 248264
2026/06/09 22:24:02.165, 2, 449.01, 98, 39, 246656
2026/06/09 22:24:02.166, 3, 449.95, 98, 39, 246656
2026/06/09 22:24:03.166, 0, 262.30, 18, 34, 248264
2026/06/09 22:24:03.166, 1, 248.14, 16, 34, 248264
2026/06/09 22:24:03.166, 2, 450.58, 98, 39, 246656
2026/06/09 22:24:03.166, 3, 450.70, 100, 39, 246656
2026/06/09 22:24:04.166, 0, 238.69, 0, 34, 248264
2026/06/09 22:24:04.166, 1, 237.45, 0, 34, 248264
2026/06/09 22:24:04.166, 2, 451.05, 100, 39, 246656
2026/06/09 22:24:04.166, 3, 451.68, 100, 39, 246656
2026/06/09 22:24:05.166, 0, 257.87, 29, 35, 248264
2026/06/09 22:24:05.167, 1, 251.15, 5, 34, 248264
2026/06/09 22:24:05.167, 2, 451.21, 100, 39, 246656
2026/06/09 22:24:05.167, 3, 451.21, 100, 39, 246656
2026/06/09 22:24:06.167, 0, 239.44, 0, 34, 248264
2026/06/09 22:24:06.167, 1, 237.49, 0, 34, 248264
2026/06/09 22:24:06.167, 2, 451.11, 100, 39, 246656
2026/06/09 22:24:06.167, 3, 451.39, 100, 39, 246656
2026/06/09 22:24:07.167, 0, 238.14, 0, 34, 248264
2026/06/09 22:24:07.167, 1, 237.19, 0, 33, 248264
2026/06/09 22:24:07.167, 2, 453.24, 100, 39, 246656
2026/06/09 22:24:07.167, 3, 450.43, 100, 39, 246656
2026/06/09 22:24:08.167, 0, 258.13, 0, 34, 248264
2026/06/09 22:24:08.167, 1, 254.34, 0, 34, 248264
2026/06/09 22:24:08.167, 2, 452.56, 100, 39, 246656
2026/06/09 22:24:08.167, 3, 452.28, 98, 39, 246656
2026/06/09 22:24:09.168, 0, 238.22, 0, 34, 248264
2026/06/09 22:24:09.168, 1, 237.27, 0, 34, 248264
2026/06/09 22:24:09.168, 2, 454.13, 100, 39, 246656
2026/06/09 22:24:09.168, 3, 454.68, 100, 39, 246656
2026/06/09 22:24:10.168, 0, 238.22, 0, 34, 248264
2026/06/09 22:24:10.168, 1, 236.96, 0, 33, 248264
2026/06/09 22:24:10.168, 2, 446.31, 100, 39, 246656
2026/06/09 22:24:10.168, 3, 446.41, 100, 39, 246656
2026/06/09 22:24:11.168, 0, 254.75, 0, 34, 248264
2026/06/09 22:24:11.168, 1, 259.52, 0, 34, 248264
2026/06/09 22:24:11.168, 2, 449.17, 100, 39, 246656
2026/06/09 22:24:11.168, 3, 447.54, 100, 39, 246656
2026/06/09 22:24:12.168, 0, 238.14, 0, 33, 248264
2026/06/09 22:24:12.169, 1, 237.36, 0, 33, 248264
2026/06/09 22:24:12.169, 2, 445.67, 100, 38, 246656
2026/06/09 22:24:12.169, 3, 448.14, 100, 39, 246656
2026/06/09 22:24:13.169, 0, 238.14, 0, 33, 248264
2026/06/09 22:24:13.169, 1, 236.62, 0, 33, 248264
2026/06/09 22:24:13.169, 2, 449.78, 100, 38, 246656
2026/06/09 22:24:13.169, 3, 448.80, 100, 39, 246656
2026/06/09 22:24:14.169, 0, 238.30, 0, 33, 248264
2026/06/09 22:24:14.169, 1, 236.88, 0, 33, 248264
2026/06/09 22:24:14.169, 2, 446.98, 100, 38, 246656
2026/06/09 22:24:14.169, 3, 447.99, 100, 39, 246656
2026/06/09 22:24:15.169, 0, 238.14, 0, 33, 248264
2026/06/09 22:24:15.170, 1, 236.80, 0, 33, 248264
2026/06/09 22:24:15.170, 2, 448.54, 100, 38, 246656
2026/06/09 22:24:15.170, 3, 447.56, 100, 39, 246656
2026/06/09 22:24:16.170, 0, 238.14, 0, 33, 248264
2026/06/09 22:24:16.170, 1, 236.71, 0, 33, 248264
2026/06/09 22:24:16.170, 2, 450.10, 100, 38, 246656
2026/06/09 22:24:16.170, 3, 450.45, 100, 39, 246656
2026/06/09 22:24:17.170, 0, 238.14, 0, 33, 248264
2026/06/09 22:24:17.170, 1, 236.54, 0, 33, 248264
2026/06/09 22:24:17.170, 2, 449.82, 100, 38, 246656
2026/06/09 22:24:17.170, 3, 448.80, 100, 39, 246656
2026/06/09 22:24:18.170, 0, 238.21, 0, 33, 248264
2026/06/09 22:24:18.171, 1, 236.10, 0, 33, 248264
2026/06/09 22:24:18.171, 2, 448.98, 100, 38, 246656
2026/06/09 22:24:18.171, 3, 446.96, 100, 39, 246656
2026/06/09 22:24:19.171, 0, 238.14, 0, 33, 248264
2026/06/09 22:24:19.171, 1, 236.10, 0, 33, 248264
2026/06/09 22:24:19.171, 2, 449.31, 100, 38, 246656
2026/06/09 22:24:19.171, 3, 448.78, 100, 39, 246656
2026/06/09 22:24:20.171, 0, 245.53, 0, 33, 248264
2026/06/09 22:24:20.171, 1, 247.19, 0, 34, 248264
2026/06/09 22:24:20.171, 2, 450.28, 100, 38, 246656
2026/06/09 22:24:20.171, 3, 450.21, 100, 39, 246656
2026/06/09 22:24:21.171, 0, 275.81, 0, 34, 248264
2026/06/09 22:24:21.171, 1, 247.38, 0, 33, 248264
2026/06/09 22:24:21.171, 2, 449.98, 100, 38, 246656
2026/06/09 22:24:21.171, 3, 450.78, 100, 39, 246656
2026/06/09 22:24:22.172, 0, 259.75, 0, 34, 248264
2026/06/09 22:24:22.172, 1, 247.42, 0, 33, 248264
2026/06/09 22:24:22.172, 2, 450.02, 100, 38, 246656
2026/06/09 22:24:22.172, 3, 447.89, 100, 39, 246656
2026/06/09 22:24:23.172, 0, 238.14, 0, 33, 248264
2026/06/09 22:24:23.172, 1, 236.57, 0, 33, 248264
2026/06/09 22:24:23.172, 2, 448.84, 100, 38, 246656
2026/06/09 22:24:23.172, 3, 449.36, 100, 38, 246656
2026/06/09 22:24:24.172, 0, 271.36, 0, 34, 248264
2026/06/09 22:24:24.172, 1, 250.00, 0, 33, 248264
2026/06/09 22:24:24.172, 2, 449.23, 100, 38, 246656
2026/06/09 22:24:24.172, 3, 448.59, 100, 38, 246656
2026/06/09 22:24:25.173, 0, 238.22, 0, 33, 248264
2026/06/09 22:24:25.173, 1, 236.51, 0, 33, 248264
2026/06/09 22:24:25.173, 2, 448.38, 100, 38, 246656
2026/06/09 22:24:25.173, 3, 445.79, 100, 38, 246656
2026/06/09 22:24:26.173, 0, 238.14, 0, 33, 248264
2026/06/09 22:24:26.173, 1, 235.77, 0, 33, 248264
2026/06/09 22:24:26.173, 2, 447.68, 100, 38, 246656
2026/06/09 22:24:26.173, 3, 448.38, 100, 39, 246656
2026/06/09 22:24:27.173, 0, 238.14, 0, 33, 248264
2026/06/09 22:24:27.173, 1, 236.55, 0, 33, 248264
2026/06/09 22:24:27.173, 2, 446.49, 100, 38, 246656
2026/06/09 22:24:27.173, 3, 447.25, 100, 38, 246656
2026/06/09 22:24:28.173, 0, 253.87, 0, 33, 248264
2026/06/09 22:24:28.173, 1, 253.76, 0, 33, 248264
2026/06/09 22:24:28.174, 2, 447.79, 100, 38, 246656
2026/06/09 22:24:28.174, 3, 448.86, 100, 39, 246656
2026/06/09 22:24:29.174, 0, 238.14, 0, 33, 248264
2026/06/09 22:24:29.174, 1, 236.72, 0, 33, 248264
2026/06/09 22:24:29.174, 2, 447.14, 100, 38, 246656
2026/06/09 22:24:29.174, 3, 450.52, 100, 38, 246656
2026/06/09 22:24:30.174, 0, 238.14, 0, 33, 248264
2026/06/09 22:24:30.174, 1, 235.95, 0, 33, 248264
2026/06/09 22:24:30.174, 2, 448.85, 100, 38, 246656
2026/06/09 22:24:30.174, 3, 449.65, 100, 38, 246656
2026/06/09 22:24:31.174, 0, 238.14, 0, 33, 248264
2026/06/09 22:24:31.174, 1, 235.22, 0, 33, 248264
2026/06/09 22:24:31.174, 2, 449.03, 100, 38, 246656
2026/06/09 22:24:31.174, 3, 449.01, 100, 38, 246656
2026/06/09 22:24:32.174, 0, 238.14, 0, 33, 248264
2026/06/09 22:24:32.175, 1, 236.24, 0, 33, 248264
2026/06/09 22:24:32.175, 2, 449.57, 100, 38, 246656
2026/06/09 22:24:32.175, 3, 448.03, 100, 38, 246656
2026/06/09 22:24:33.175, 0, 238.14, 0, 33, 248264
2026/06/09 22:24:33.175, 1, 236.15, 0, 33, 248264
2026/06/09 22:24:33.175, 2, 451.16, 100, 38, 246656
2026/06/09 22:24:33.175, 3, 449.01, 100, 38, 246656
2026/06/09 22:24:34.175, 0, 238.14, 0, 33, 248264
2026/06/09 22:24:34.175, 1, 235.44, 0, 33, 248264
2026/06/09 22:24:34.175, 2, 448.99, 100, 38, 246656
2026/06/09 22:24:34.175, 3, 449.44, 100, 38, 246656
2026/06/09 22:24:35.175, 0, 238.14, 0, 33, 248264
2026/06/09 22:24:35.176, 1, 236.32, 0, 33, 248264
2026/06/09 22:24:35.176, 2, 449.77, 100, 38, 246656
2026/06/09 22:24:35.176, 3, 449.42, 100, 38, 246656
2026/06/09 22:24:36.176, 0, 238.14, 0, 33, 248264
2026/06/09 22:24:36.176, 1, 235.91, 0, 33, 248264
2026/06/09 22:24:36.176, 2, 450.03, 100, 38, 246656
2026/06/09 22:24:36.176, 3, 447.55, 100, 38, 246656
2026/06/09 22:24:37.176, 0, 238.14, 0, 33, 248264
2026/06/09 22:24:37.176, 1, 235.87, 0, 33, 248264
2026/06/09 22:24:37.176, 2, 448.00, 100, 38, 246656
2026/06/09 22:24:37.176, 3, 448.25, 100, 38, 246656
2026/06/09 22:24:38.176, 0, 238.14, 0, 33, 248264
2026/06/09 22:24:38.176, 1, 235.56, 0, 33, 248264
2026/06/09 22:24:38.177, 2, 448.10, 100, 38, 246656
2026/06/09 22:24:38.177, 3, 450.24, 100, 38, 246656
2026/06/09 22:24:39.177, 0, 238.14, 0, 33, 248264
2026/06/09 22:24:39.177, 1, 236.07, 0, 33, 248264
2026/06/09 22:24:39.177, 2, 448.68, 100, 38, 246656
2026/06/09 22:24:39.177, 3, 448.61, 100, 38, 246656
2026/06/09 22:24:40.177, 0, 269.80, 0, 33, 248264
2026/06/09 22:24:40.177, 1, 266.62, 0, 33, 248264
2026/06/09 22:24:40.177, 2, 448.85, 100, 38, 246656
2026/06/09 22:24:40.177, 3, 448.10, 100, 38, 246656
2026/06/09 22:24:41.177, 0, 260.31, 0, 33, 248264
2026/06/09 22:24:41.177, 1, 247.54, 0, 33, 248264
2026/06/09 22:24:41.178, 2, 448.04, 100, 38, 246656
2026/06/09 22:24:41.178, 3, 450.26, 100, 38, 246656
2026/06/09 22:24:42.178, 0, 238.14, 0, 33, 248264
2026/06/09 22:24:42.178, 1, 235.74, 0, 33, 248264
2026/06/09 22:24:42.178, 2, 449.52, 100, 38, 246656
2026/06/09 22:24:42.178, 3, 449.32, 100, 38, 246656
2026/06/09 22:24:43.178, 0, 238.14, 0, 33, 248264
2026/06/09 22:24:43.178, 1, 236.04, 0, 33, 248264
2026/06/09 22:24:43.178, 2, 447.70, 100, 38, 246656
2026/06/09 22:24:43.178, 3, 449.20, 100, 38, 246656
2026/06/09 22:24:44.178, 0, 260.79, 88, 35, 248264
2026/06/09 22:24:44.179, 1, 245.62, 19, 33, 248264
2026/06/09 22:24:44.179, 2, 448.58, 100, 38, 246656
2026/06/09 22:24:44.179, 3, 445.75, 100, 38, 246656
2026/06/09 22:24:45.179, 0, 238.30, 0, 33, 248264
2026/06/09 22:24:45.179, 1, 235.37, 0, 33, 248264
2026/06/09 22:24:45.179, 2, 449.29, 100, 38, 246656
2026/06/09 22:24:45.179, 3, 450.79, 100, 38, 246656
2026/06/09 22:24:46.179, 0, 238.14, 0, 33, 248264
2026/06/09 22:24:46.179, 1, 235.24, 0, 33, 248264
2026/06/09 22:24:46.179, 2, 449.69, 100, 38, 246656
2026/06/09 22:24:46.179, 3, 449.36, 100, 38, 246656
2026/06/09 22:24:47.179, 0, 257.06, 0, 33, 248264
2026/06/09 22:24:47.180, 1, 244.88, 0, 33, 248264
2026/06/09 22:24:47.180, 2, 447.77, 100, 38, 246656
2026/06/09 22:24:47.180, 3, 450.15, 100, 38, 246656
2026/06/09 22:24:48.180, 0, 247.93, 0, 33, 248264
2026/06/09 22:24:48.187, 1, 254.03, 0, 33, 248264
2026/06/09 22:24:48.187, 2, 449.52, 100, 38, 246656
2026/06/09 22:24:48.187, 3, 450.72, 100, 38, 246656
2026/06/09 22:24:49.187, 0, 238.14, 0, 33, 248264
2026/06/09 22:24:49.187, 1, 235.69, 0, 33, 248264
2026/06/09 22:24:49.187, 2, 449.99, 100, 38, 246656
2026/06/09 22:24:49.187, 3, 449.79, 100, 38, 246656
2026/06/09 22:24:50.188, 0, 238.14, 0, 33, 248264
2026/06/09 22:24:50.188, 1, 235.67, 0, 33, 248264
2026/06/09 22:24:50.188, 2, 450.88, 100, 38, 246656
2026/06/09 22:24:50.188, 3, 450.26, 100, 38, 246656
2026/06/09 22:24:51.188, 0, 256.86, 0, 33, 248264
2026/06/09 22:24:51.188, 1, 245.57, 0, 33, 248264
2026/06/09 22:24:51.188, 2, 450.68, 100, 38, 246656
2026/06/09 22:24:51.188, 3, 447.78, 100, 38, 246656
2026/06/09 22:24:52.188, 0, 258.88, 0, 33, 248264
2026/06/09 22:24:52.188, 1, 245.41, 0, 33, 248264
2026/06/09 22:24:52.188, 2, 450.89, 100, 38, 246656
2026/06/09 22:24:52.188, 3, 450.73, 100, 38, 246656
2026/06/09 22:24:53.189, 0, 238.14, 0, 33, 248264
2026/06/09 22:24:53.189, 1, 234.79, 0, 33, 248264
2026/06/09 22:24:53.189, 2, 449.66, 100, 38, 246656
2026/06/09 22:24:53.189, 3, 451.69, 100, 38, 246656
2026/06/09 22:24:54.189, 0, 238.14, 0, 33, 248264
2026/06/09 22:24:54.189, 1, 235.26, 0, 33, 248264
2026/06/09 22:24:54.189, 2, 449.50, 100, 38, 246656
2026/06/09 22:24:54.189, 3, 451.20, 100, 38, 246656
2026/06/09 22:24:55.189, 0, 258.07, 0, 33, 248264
2026/06/09 22:24:55.189, 1, 245.83, 0, 33, 248264
2026/06/09 22:24:55.189, 2, 447.95, 100, 38, 246656
2026/06/09 22:24:55.189, 3, 450.26, 100, 38, 246656
2026/06/09 22:24:56.190, 0, 277.95, 0, 33, 248264
2026/06/09 22:24:56.190, 1, 266.39, 0, 33, 248264
2026/06/09 22:24:56.190, 2, 449.71, 100, 38, 246656
2026/06/09 22:24:56.190, 3, 453.05, 100, 38, 246656
2026/06/09 22:24:57.190, 0, 238.14, 0, 33, 248264
2026/06/09 22:24:57.190, 1, 235.88, 0, 33, 248264
2026/06/09 22:24:57.190, 2, 452.29, 100, 38, 246656
2026/06/09 22:24:57.190, 3, 451.90, 100, 38, 246656
2026/06/09 22:24:58.190, 0, 238.14, 0, 33, 248264
2026/06/09 22:24:58.190, 1, 235.36, 0, 33, 248264
2026/06/09 22:24:58.190, 2, 452.08, 100, 38, 246656
2026/06/09 22:24:58.190, 3, 451.68, 100, 38, 246656
2026/06/09 22:24:59.190, 0, 238.14, 0, 33, 248264
2026/06/09 22:24:59.191, 1, 235.31, 0, 33, 248264
2026/06/09 22:24:59.191, 2, 450.48, 100, 38, 246656
2026/06/09 22:24:59.191, 3, 449.91, 100, 38, 246656
2026/06/09 22:25:00.191, 0, 238.14, 0, 33, 248264
2026/06/09 22:25:00.191, 1, 235.45, 0, 33, 248264
2026/06/09 22:25:00.191, 2, 449.77, 100, 38, 246656
2026/06/09 22:25:00.191, 3, 446.14, 100, 38, 246656
2026/06/09 22:25:01.191, 0, 238.14, 0, 33, 248264
2026/06/09 22:25:01.191, 1, 235.71, 0, 33, 248264
2026/06/09 22:25:01.191, 2, 448.02, 100, 38, 246656
2026/06/09 22:25:01.191, 3, 449.36, 100, 38, 246656
2026/06/09 22:25:02.191, 0, 238.14, 0, 33, 248264
2026/06/09 22:25:02.192, 1, 235.21, 0, 33, 248264
2026/06/09 22:25:02.192, 2, 449.20, 100, 38, 246656
2026/06/09 22:25:02.192, 3, 446.38, 100, 38, 246656
2026/06/09 22:25:03.192, 0, 238.14, 0, 33, 248264
2026/06/09 22:25:03.192, 1, 235.38, 0, 33, 248264
2026/06/09 22:25:03.192, 2, 449.82, 100, 38, 246656
2026/06/09 22:25:03.192, 3, 447.82, 100, 38, 246656
2026/06/09 22:25:04.192, 0, 238.14, 0, 33, 248264
2026/06/09 22:25:04.192, 1, 236.04, 0, 33, 248264
2026/06/09 22:25:04.192, 2, 449.07, 100, 38, 246656
2026/06/09 22:25:04.192, 3, 449.22, 100, 38, 246656
2026/06/09 22:25:05.193, 0, 238.14, 0, 33, 248264
2026/06/09 22:25:05.193, 1, 235.86, 0, 33, 248264
2026/06/09 22:25:05.193, 2, 451.43, 100, 38, 246656
2026/06/09 22:25:05.193, 3, 449.98, 100, 38, 246656
2026/06/09 22:25:06.193, 0, 238.14, 0, 33, 248264
2026/06/09 22:25:06.193, 1, 235.47, 0, 33, 248264
2026/06/09 22:25:06.193, 2, 452.16, 100, 38, 246656
2026/06/09 22:25:06.193, 3, 450.62, 100, 39, 246656
2026/06/09 22:25:07.193, 0, 238.14, 0, 33, 248264
2026/06/09 22:25:07.193, 1, 236.21, 0, 33, 248264
2026/06/09 22:25:07.193, 2, 450.27, 100, 38, 246656
2026/06/09 22:25:07.193, 3, 449.95, 100, 39, 246656
2026/06/09 22:25:08.193, 0, 274.96, 0, 35, 248264
2026/06/09 22:25:08.194, 1, 267.91, 0, 34, 248264
2026/06/09 22:25:08.194, 2, 452.63, 100, 38, 246656
2026/06/09 22:25:08.194, 3, 450.69, 100, 39, 246656
2026/06/09 22:25:09.194, 0, 292.32, 0, 34, 248264
2026/06/09 22:25:09.194, 1, 294.20, 0, 34, 248264
2026/06/09 22:25:09.194, 2, 446.17, 98, 38, 246656
2026/06/09 22:25:09.194, 3, 446.27, 100, 38, 246656
2026/06/09 22:25:10.194, 0, 251.97, 0, 34, 248264
2026/06/09 22:25:10.194, 1, 270.72, 0, 34, 248264
2026/06/09 22:25:10.194, 2, 445.81, 100, 38, 246656
2026/06/09 22:25:10.194, 3, 446.46, 100, 39, 246656
2026/06/09 22:25:11.194, 0, 250.51, 0, 34, 248264
2026/06/09 22:25:11.195, 1, 260.93, 0, 34, 248264
2026/06/09 22:25:11.195, 2, 443.74, 100, 38, 246656
2026/06/09 22:25:11.195, 3, 444.36, 100, 39, 246656
2026/06/09 22:25:12.195, 0, 249.82, 0, 34, 248264
2026/06/09 22:25:12.195, 1, 254.70, 0, 34, 248264
2026/06/09 22:25:12.195, 2, 443.99, 100, 38, 246656
2026/06/09 22:25:12.195, 3, 445.43, 100, 39, 246656
2026/06/09 22:25:13.195, 0, 238.14, 0, 34, 248264
2026/06/09 22:25:13.195, 1, 237.04, 0, 34, 248264
2026/06/09 22:25:13.195, 2, 445.65, 100, 38, 246656
2026/06/09 22:25:13.195, 3, 447.66, 100, 39, 246656
2026/06/09 22:25:14.195, 0, 238.14, 0, 33, 248264
2026/06/09 22:25:14.196, 1, 236.66, 0, 33, 248264
2026/06/09 22:25:14.196, 2, 447.49, 100, 38, 246656
2026/06/09 22:25:14.196, 3, 445.52, 100, 38, 246656
2026/06/09 22:25:15.196, 0, 238.22, 0, 33, 248264
2026/06/09 22:25:15.196, 1, 237.10, 0, 33, 248264
2026/06/09 22:25:15.196, 2, 447.97, 100, 38, 246656
2026/06/09 22:25:15.196, 3, 446.06, 100, 39, 246656
2026/06/09 22:25:16.196, 0, 238.22, 0, 33, 248264
2026/06/09 22:25:16.196, 1, 237.02, 0, 33, 248264
2026/06/09 22:25:16.196, 2, 444.36, 100, 38, 246656
2026/06/09 22:25:16.196, 3, 446.96, 100, 39, 246656
2026/06/09 22:25:17.196, 0, 238.14, 0, 33, 248264
2026/06/09 22:25:17.196, 1, 237.01, 0, 33, 248264
2026/06/09 22:25:17.197, 2, 443.44, 100, 38, 246656
2026/06/09 22:25:17.197, 3, 443.37, 100, 39, 246656
2026/06/09 22:25:18.197, 0, 238.21, 0, 34, 248264
2026/06/09 22:25:18.197, 1, 236.59, 0, 33, 248264
2026/06/09 22:25:18.197, 2, 445.09, 100, 38, 246656
2026/06/09 22:25:18.197, 3, 444.34, 100, 39, 246656
2026/06/09 22:25:19.197, 0, 238.22, 0, 34, 248264
2026/06/09 22:25:19.197, 1, 237.18, 0, 33, 248264
2026/06/09 22:25:19.197, 2, 446.43, 100, 38, 246656
2026/06/09 22:25:19.197, 3, 448.06, 100, 39, 246656
2026/06/09 22:25:20.197, 0, 252.17, 0, 34, 248264
2026/06/09 22:25:20.198, 1, 268.09, 0, 34, 248264
2026/06/09 22:25:20.198, 2, 444.41, 100, 38, 246656
2026/06/09 22:25:20.198, 3, 443.85, 100, 39, 246656
2026/06/09 22:25:21.198, 0, 258.28, 0, 34, 248264
2026/06/09 22:25:21.198, 1, 254.50, 0, 34, 248264
2026/06/09 22:25:21.198, 2, 446.30, 98, 38, 246656
2026/06/09 22:25:21.198, 3, 445.01, 98, 39, 246656
2026/06/09 22:25:22.198, 0, 238.37, 0, 34, 248264
2026/06/09 22:25:22.198, 1, 237.42, 0, 34, 248264
2026/06/09 22:25:22.198, 2, 444.99, 100, 39, 246656
2026/06/09 22:25:22.198, 3, 445.35, 100, 39, 246656
2026/06/09 22:25:23.198, 0, 238.37, 0, 34, 248264
2026/06/09 22:25:23.198, 1, 237.64, 0, 34, 248264
2026/06/09 22:25:23.198, 2, 441.76, 100, 39, 246656
2026/06/09 22:25:23.198, 3, 444.45, 100, 39, 246656
2026/06/09 22:25:24.199, 0, 238.53, 0, 34, 248264
2026/06/09 22:25:24.199, 1, 236.92, 0, 34, 248264
2026/06/09 22:25:24.199, 2, 443.69, 100, 38, 246656
2026/06/09 22:25:24.199, 3, 441.70, 100, 39, 246656
2026/06/09 22:25:25.199, 0, 238.22, 0, 34, 248264
2026/06/09 22:25:25.199, 1, 236.70, 0, 34, 248264
2026/06/09 22:25:25.199, 2, 448.55, 100, 39, 246656
2026/06/09 22:25:25.199, 3, 446.42, 100, 39, 246656
2026/06/09 22:25:26.199, 0, 238.22, 0, 34, 248264
2026/06/09 22:25:26.199, 1, 237.04, 0, 34, 248264
2026/06/09 22:25:26.199, 2, 446.51, 100, 39, 246656
2026/06/09 22:25:26.199, 3, 445.56, 100, 39, 246656
2026/06/09 22:25:27.199, 0, 238.22, 0, 34, 248264
2026/06/09 22:25:27.200, 1, 237.26, 0, 34, 248264
2026/06/09 22:25:27.200, 2, 444.41, 100, 39, 246656
2026/06/09 22:25:27.200, 3, 445.83, 100, 39, 246656
2026/06/09 22:25:28.200, 0, 238.14, 0, 34, 248264
2026/06/09 22:25:28.200, 1, 237.28, 0, 34, 248264
2026/06/09 22:25:28.200, 2, 447.10, 100, 39, 246656
2026/06/09 22:25:28.200, 3, 444.16, 100, 39, 246656
2026/06/09 22:25:29.200, 0, 238.45, 0, 34, 248264
2026/06/09 22:25:29.200, 1, 237.57, 0, 34, 248264
2026/06/09 22:25:29.200, 2, 446.08, 100, 39, 246656
2026/06/09 22:25:29.200, 3, 444.84, 100, 39, 246656
2026/06/09 22:25:30.200, 0, 238.22, 0, 34, 248264
2026/06/09 22:25:30.200, 1, 236.90, 0, 34, 248264
2026/06/09 22:25:30.201, 2, 449.07, 100, 39, 246656
2026/06/09 22:25:30.201, 3, 450.14, 100, 39, 246656
2026/06/09 22:25:31.201, 0, 238.14, 0, 34, 248264
2026/06/09 22:25:31.201, 1, 237.28, 0, 34, 248264
2026/06/09 22:25:31.201, 2, 451.09, 100, 39, 246656
2026/06/09 22:25:31.201, 3, 453.02, 100, 39, 246656
2026/06/09 22:25:32.201, 0, 238.14, 0, 34, 248264
2026/06/09 22:25:32.201, 1, 236.89, 0, 34, 248264
2026/06/09 22:25:32.201, 2, 444.83, 100, 39, 246656
2026/06/09 22:25:32.201, 3, 444.61, 100, 39, 246656
2026/06/09 22:25:33.201, 0, 238.22, 0, 34, 248264
2026/06/09 22:25:33.201, 1, 237.18, 0, 34, 248264
2026/06/09 22:25:33.201, 2, 446.10, 100, 39, 246656
2026/06/09 22:25:33.201, 3, 446.48, 100, 39, 246656
2026/06/09 22:25:34.201, 0, 238.30, 0, 34, 248264
2026/06/09 22:25:34.202, 1, 237.28, 0, 34, 248264
2026/06/09 22:25:34.202, 2, 446.26, 100, 39, 246656
2026/06/09 22:25:34.202, 3, 448.35, 100, 39, 246656
2026/06/09 22:25:35.202, 0, 257.45, 0, 34, 248264
2026/06/09 22:25:35.202, 1, 255.11, 0, 34, 248264
2026/06/09 22:25:35.202, 2, 446.73, 100, 39, 246656
2026/06/09 22:25:35.202, 3, 446.73, 100, 39, 246656
2026/06/09 22:25:36.202, 0, 238.53, 0, 34, 248264
2026/06/09 22:25:36.202, 1, 237.48, 0, 34, 248264
2026/06/09 22:25:36.202, 2, 446.46, 100, 39, 246656
2026/06/09 22:25:36.202, 3, 447.75, 100, 39, 246656
2026/06/09 22:25:37.203, 0, 238.37, 0, 34, 248264
2026/06/09 22:25:37.203, 1, 236.97, 0, 34, 248264
2026/06/09 22:25:37.203, 2, 448.69, 100, 39, 246656
2026/06/09 22:25:37.203, 3, 446.81, 100, 39, 246656
2026/06/09 22:25:38.203, 0, 238.22, 0, 34, 248264
2026/06/09 22:25:38.203, 1, 237.33, 0, 34, 248264
2026/06/09 22:25:38.203, 2, 450.22, 100, 39, 246656
2026/06/09 22:25:38.203, 3, 450.05, 100, 39, 246656
2026/06/09 22:25:39.203, 0, 238.37, 0, 34, 248264
2026/06/09 22:25:39.203, 1, 237.42, 0, 34, 248264
2026/06/09 22:25:39.203, 2, 449.89, 100, 39, 246656
2026/06/09 22:25:39.203, 3, 450.01, 100, 39, 246656
2026/06/09 22:25:40.203, 0, 238.14, 0, 34, 248264
2026/06/09 22:25:40.204, 1, 237.36, 0, 34, 248264
2026/06/09 22:25:40.204, 2, 448.50, 100, 39, 246656
2026/06/09 22:25:40.204, 3, 447.55, 100, 39, 246656
2026/06/09 22:25:41.204, 0, 238.22, 0, 34, 248264
2026/06/09 22:25:41.204, 1, 237.62, 0, 34, 248264
2026/06/09 22:25:41.204, 2, 448.76, 100, 39, 246656
2026/06/09 22:25:41.204, 3, 448.59, 100, 39, 246656
2026/06/09 22:25:42.204, 0, 238.69, 0, 34, 248264
2026/06/09 22:25:42.204, 1, 237.23, 0, 34, 248264
2026/06/09 22:25:42.204, 2, 448.52, 100, 39, 246656
2026/06/09 22:25:42.204, 3, 449.00, 100, 39, 246656
2026/06/09 22:25:43.204, 0, 238.22, 0, 34, 248264
2026/06/09 22:25:43.204, 1, 237.32, 0, 34, 248264
2026/06/09 22:25:43.204, 2, 447.10, 100, 39, 246656
2026/06/09 22:25:43.205, 3, 447.82, 100, 39, 246656
2026/06/09 22:25:44.205, 0, 238.22, 0, 34, 248264
2026/06/09 22:25:44.205, 1, 236.94, 0, 34, 248264
2026/06/09 22:25:44.205, 2, 448.10, 100, 39, 246656
2026/06/09 22:25:44.205, 3, 447.53, 100, 39, 246656
2026/06/09 22:25:45.205, 0, 238.38, 0, 34, 248264
2026/06/09 22:25:45.205, 1, 236.97, 0, 34, 248264
2026/06/09 22:25:45.205, 2, 450.19, 100, 39, 246656
2026/06/09 22:25:45.205, 3, 451.42, 100, 39, 246656
2026/06/09 22:25:46.205, 0, 238.30, 0, 34, 248264
2026/06/09 22:25:46.205, 1, 237.05, 0, 34, 248264
2026/06/09 22:25:46.205, 2, 451.68, 100, 39, 246656
2026/06/09 22:25:46.205, 3, 450.18, 100, 39, 246656
2026/06/09 22:25:47.206, 0, 238.22, 0, 34, 248264
2026/06/09 22:25:47.206, 1, 237.09, 0, 34, 248264
2026/06/09 22:25:47.206, 2, 450.47, 100, 39, 246656
2026/06/09 22:25:47.206, 3, 450.48, 100, 39, 246656
2026/06/09 22:25:48.206, 0, 256.27, 0, 34, 248264
2026/06/09 22:25:48.206, 1, 254.56, 0, 34, 248264
2026/06/09 22:25:48.206, 2, 450.86, 100, 39, 246656
2026/06/09 22:25:48.206, 3, 451.49, 100, 39, 246656
2026/06/09 22:25:49.206, 0, 238.69, 0, 34, 248264
2026/06/09 22:25:49.206, 1, 237.56, 0, 34, 248264
2026/06/09 22:25:49.206, 2, 451.73, 100, 39, 246656
2026/06/09 22:25:49.206, 3, 453.66, 100, 39, 246656
2026/06/09 22:25:50.207, 0, 238.46, 0, 34, 248264
2026/06/09 22:25:50.207, 1, 237.26, 0, 34, 248264
2026/06/09 22:25:50.207, 2, 454.04, 100, 39, 246656
2026/06/09 22:25:50.207, 3, 454.80, 100, 39, 246656
2026/06/09 22:25:51.207, 0, 238.53, 0, 34, 248264
2026/06/09 22:25:51.207, 1, 237.19, 0, 34, 248264
2026/06/09 22:25:51.207, 2, 453.25, 100, 39, 246656
2026/06/09 22:25:51.207, 3, 456.00, 100, 39, 246656
2026/06/09 22:25:52.207, 0, 238.46, 0, 34, 248264
2026/06/09 22:25:52.207, 1, 237.12, 0, 34, 248264
2026/06/09 22:25:52.207, 2, 452.49, 100, 39, 246656
2026/06/09 22:25:52.207, 3, 452.86, 100, 39, 246656
2026/06/09 22:25:53.207, 0, 238.53, 0, 34, 248264
2026/06/09 22:25:53.208, 1, 237.32, 0, 34, 248264
2026/06/09 22:25:53.208, 2, 447.94, 100, 39, 246656
2026/06/09 22:25:53.208, 3, 449.05, 100, 39, 246656
2026/06/09 22:25:54.208, 0, 238.53, 0, 34, 248264
2026/06/09 22:25:54.208, 1, 237.26, 0, 34, 248264
2026/06/09 22:25:54.208, 2, 447.30, 100, 39, 246656
2026/06/09 22:25:54.208, 3, 448.04, 100, 39, 246656
2026/06/09 22:25:55.208, 0, 278.71, 0, 34, 248264
2026/06/09 22:25:55.208, 1, 257.75, 0, 34, 248264
2026/06/09 22:25:55.208, 2, 444.41, 100, 39, 246656
2026/06/09 22:25:55.208, 3, 448.10, 100, 39, 246656
2026/06/09 22:25:56.208, 0, 267.58, 0, 34, 248264
2026/06/09 22:25:56.209, 1, 261.46, 0, 34, 248264
2026/06/09 22:25:56.209, 2, 450.15, 100, 39, 246656
2026/06/09 22:25:56.209, 3, 448.82, 100, 39, 246656
2026/06/09 22:25:57.209, 0, 238.60, 0, 34, 248264
2026/06/09 22:25:57.209, 1, 237.47, 0, 34, 248264
2026/06/09 22:25:57.209, 2, 449.26, 100, 39, 246656
2026/06/09 22:25:57.210, 3, 448.32, 100, 39, 246656
2026/06/09 22:25:58.210, 0, 238.55, 0, 34, 248264
2026/06/09 22:25:58.210, 1, 237.19, 0, 34, 248264
2026/06/09 22:25:58.210, 2, 447.31, 100, 39, 246656
2026/06/09 22:25:58.210, 3, 448.54, 100, 39, 246656
2026/06/09 22:25:59.210, 0, 274.41, 0, 34, 248264
2026/06/09 22:25:59.210, 1, 252.64, 0, 34, 248264
2026/06/09 22:25:59.210, 2, 449.55, 100, 39, 246656
2026/06/09 22:25:59.210, 3, 448.63, 100, 39, 246656
2026/06/09 22:26:00.210, 0, 238.61, 0, 33, 248264
2026/06/09 22:26:00.210, 1, 237.36, 0, 33, 248264
2026/06/09 22:26:00.210, 2, 449.80, 100, 39, 246656
2026/06/09 22:26:00.211, 3, 451.09, 100, 39, 246656
2026/06/09 22:26:01.211, 0, 238.14, 0, 33, 248264
2026/06/09 22:26:01.211, 1, 235.81, 0, 33, 248264
2026/06/09 22:26:01.211, 2, 451.12, 100, 38, 246656
2026/06/09 22:26:01.211, 3, 450.12, 100, 38, 246656
2026/06/09 22:26:02.211, 0, 238.14, 0, 33, 248264
2026/06/09 22:26:02.211, 1, 235.09, 0, 33, 248264
2026/06/09 22:26:02.211, 2, 451.22, 100, 38, 246656
2026/06/09 22:26:02.211, 3, 453.67, 100, 38, 246656
2026/06/09 22:26:03.211, 0, 277.91, 0, 33, 248264
2026/06/09 22:26:03.211, 1, 251.66, 0, 33, 248264
2026/06/09 22:26:03.211, 2, 450.14, 100, 38, 246656
2026/06/09 22:26:03.211, 3, 451.07, 100, 38, 246656
2026/06/09 22:26:04.212, 0, 273.93, 0, 33, 248264
2026/06/09 22:26:04.212, 1, 249.51, 20, 33, 248264
2026/06/09 22:26:04.212, 2, 449.90, 97, 38, 246656
2026/06/09 22:26:04.212, 3, 449.36, 100, 38, 246656
2026/06/09 22:26:05.212, 0, 238.14, 0, 32, 248264
2026/06/09 22:26:05.212, 1, 234.39, 0, 32, 248264
2026/06/09 22:26:05.212, 2, 451.50, 100, 38, 246656
2026/06/09 22:26:05.212, 3, 453.77, 100, 38, 246656
2026/06/09 22:26:06.212, 0, 278.24, 37, 34, 248264
2026/06/09 22:26:06.212, 1, 259.58, 0, 33, 248264
2026/06/09 22:26:06.212, 2, 450.88, 100, 37, 246656
2026/06/09 22:26:06.213, 3, 450.82, 100, 37, 246656
2026/06/09 22:26:07.213, 0, 255.84, 28, 34, 248264
2026/06/09 22:26:07.213, 1, 241.97, 0, 32, 248264
2026/06/09 22:26:07.213, 2, 451.21, 100, 37, 246656
2026/06/09 22:26:07.213, 3, 451.06, 100, 37, 246656
2026/06/09 22:26:08.213, 0, 255.32, 0, 32, 248264
2026/06/09 22:26:08.213, 1, 240.24, 0, 32, 248264
2026/06/09 22:26:08.213, 2, 451.04, 100, 37, 246656
2026/06/09 22:26:08.213, 3, 451.01, 100, 37, 246656
2026/06/09 22:26:09.213, 0, 238.14, 0, 32, 248264
2026/06/09 22:26:09.213, 1, 234.24, 0, 32, 248264
2026/06/09 22:26:09.213, 2, 452.14, 100, 37, 246656
2026/06/09 22:26:09.213, 3, 451.14, 100, 38, 246656
2026/06/09 22:26:10.214, 0, 238.14, 0, 33, 248264
2026/06/09 22:26:10.214, 1, 234.00, 0, 33, 248264
2026/06/09 22:26:10.214, 2, 452.22, 100, 38, 246656
2026/06/09 22:26:10.214, 3, 454.49, 100, 38, 246656
2026/06/09 22:26:11.214, 0, 244.37, 13, 34, 248264
2026/06/09 22:26:11.214, 1, 242.55, 0, 33, 248264
2026/06/09 22:26:11.214, 2, 451.48, 100, 38, 246656
2026/06/09 22:26:11.214, 3, 452.82, 100, 38, 246656
2026/06/09 22:26:12.214, 0, 260.23, 0, 33, 248264
2026/06/09 22:26:12.214, 1, 243.09, 0, 33, 248264
2026/06/09 22:26:12.214, 2, 452.06, 100, 38, 246656
2026/06/09 22:26:12.214, 3, 453.82, 100, 38, 246656
2026/06/09 22:26:13.215, 0, 238.14, 0, 33, 248264
2026/06/09 22:26:13.215, 1, 236.00, 0, 33, 248264
2026/06/09 22:26:13.215, 2, 453.69, 100, 38, 246656
2026/06/09 22:26:13.215, 3, 453.86, 100, 38, 246656
2026/06/09 22:26:14.215, 0, 278.50, 0, 34, 248264
2026/06/09 22:26:14.215, 1, 266.11, 18, 34, 248264
2026/06/09 22:26:14.215, 2, 452.20, 97, 38, 246656
2026/06/09 22:26:14.215, 3, 451.14, 100, 38, 246656
2026/06/09 22:26:15.215, 0, 238.22, 0, 34, 248264
2026/06/09 22:26:15.215, 1, 236.59, 0, 33, 248264
2026/06/09 22:26:15.215, 2, 454.30, 100, 38, 246656
2026/06/09 22:26:15.216, 3, 454.74, 100, 39, 246656
2026/06/09 22:26:16.216, 0, 241.87, 5, 34, 248264
2026/06/09 22:26:16.216, 1, 247.39, 0, 33, 248264
2026/06/09 22:26:16.216, 2, 454.11, 100, 39, 246656
2026/06/09 22:26:16.216, 3, 454.97, 100, 39, 246656
2026/06/09 22:26:17.216, 0, 262.50, 0, 34, 248264
2026/06/09 22:26:17.216, 1, 253.64, 0, 34, 248264
2026/06/09 22:26:17.216, 2, 450.26, 100, 39, 246656
2026/06/09 22:26:17.216, 3, 450.44, 100, 39, 246656
2026/06/09 22:26:18.216, 0, 261.22, 0, 34, 248264
2026/06/09 22:26:18.216, 1, 248.91, 0, 34, 248264
2026/06/09 22:26:18.217, 2, 450.37, 100, 39, 246656
2026/06/09 22:26:18.217, 3, 453.56, 100, 39, 246656
2026/06/09 22:26:19.217, 0, 238.37, 0, 34, 248264
2026/06/09 22:26:19.217, 1, 237.35, 0, 34, 248264
2026/06/09 22:26:19.217, 2, 449.81, 100, 39, 246656
2026/06/09 22:26:19.217, 3, 450.67, 100, 39, 246656
2026/06/09 22:26:20.217, 0, 238.22, 0, 34, 248264
2026/06/09 22:26:20.217, 1, 237.35, 0, 34, 248264
2026/06/09 22:26:20.217, 2, 447.62, 100, 39, 246656
2026/06/09 22:26:20.217, 3, 448.47, 100, 39, 246656
2026/06/09 22:26:21.217, 0, 238.30, 0, 34, 248264
2026/06/09 22:26:21.217, 1, 237.35, 0, 34, 248264
2026/06/09 22:26:21.218, 2, 451.36, 100, 39, 246656
2026/06/09 22:26:21.218, 3, 450.42, 100, 39, 246656
2026/06/09 22:26:22.218, 0, 262.27, 0, 34, 248264
2026/06/09 22:26:22.218, 1, 247.96, 0, 34, 248264
2026/06/09 22:26:22.218, 2, 448.10, 100, 39, 246656
2026/06/09 22:26:22.218, 3, 451.88, 100, 39, 246656
2026/06/09 22:26:23.218, 0, 276.02, 0, 34, 248264
2026/06/09 22:26:23.218, 1, 250.38, 0, 34, 248264
2026/06/09 22:26:23.218, 2, 447.01, 100, 39, 246656
2026/06/09 22:26:23.218, 3, 448.75, 100, 39, 246656
2026/06/09 22:26:24.218, 0, 270.35, 0, 34, 248264
2026/06/09 22:26:24.218, 1, 252.68, 6, 34, 248264
2026/06/09 22:26:24.218, 2, 446.66, 100, 39, 246658
2026/06/09 22:26:24.219, 3, 449.47, 97, 39, 246658
2026/06/09 22:26:25.219, 0, 238.78, 0, 34, 248264
2026/06/09 22:26:25.219, 1, 237.40, 0, 34, 248264
2026/06/09 22:26:25.219, 2, 446.58, 100, 39, 246658
2026/06/09 22:26:25.219, 3, 448.43, 100, 39, 246658
2026/06/09 22:26:26.219, 0, 238.14, 0, 34, 248264
2026/06/09 22:26:26.219, 1, 236.70, 0, 34, 248264
2026/06/09 22:26:26.219, 2, 451.05, 100, 39, 246658
2026/06/09 22:26:26.219, 3, 448.57, 100, 39, 246658
2026/06/09 22:26:27.219, 0, 238.38, 0, 34, 248264
2026/06/09 22:26:27.219, 1, 236.94, 0, 34, 248264
2026/06/09 22:26:27.219, 2, 451.88, 100, 39, 246658
2026/06/09 22:26:27.219, 3, 451.07, 100, 39, 246658
2026/06/09 22:26:28.220, 0, 262.17, 0, 34, 248264
2026/06/09 22:26:28.220, 1, 248.54, 0, 34, 248264
2026/06/09 22:26:28.220, 2, 450.92, 100, 39, 246658
2026/06/09 22:26:28.220, 3, 450.19, 100, 39, 246658
2026/06/09 22:26:29.220, 0, 238.77, 0, 34, 248264
2026/06/09 22:26:29.220, 1, 237.57, 0, 34, 248264
2026/06/09 22:26:29.220, 2, 450.59, 100, 39, 246658
2026/06/09 22:26:29.220, 3, 454.07, 100, 39, 246658
2026/06/09 22:26:30.220, 0, 260.87, 0, 34, 248264
2026/06/09 22:26:30.220, 1, 247.75, 0, 34, 248264
2026/06/09 22:26:30.220, 2, 451.05, 100, 39, 246658
2026/06/09 22:26:30.220, 3, 451.53, 100, 39, 246658
2026/06/09 22:26:31.221, 0, 262.40, 0, 34, 248264
2026/06/09 22:26:31.221, 1, 248.01, 0, 34, 248264
2026/06/09 22:26:31.221, 2, 448.24, 100, 39, 246658
2026/06/09 22:26:31.221, 3, 451.10, 100, 39, 246658
2026/06/09 22:26:32.221, 0, 238.60, 0, 34, 248264
2026/06/09 22:26:32.221, 1, 237.65, 0, 34, 248264
2026/06/09 22:26:32.221, 2, 450.81, 100, 39, 246658
2026/06/09 22:26:32.221, 3, 453.20, 100, 39, 246658
2026/06/09 22:26:33.221, 0, 238.69, 0, 34, 248264
2026/06/09 22:26:33.221, 1, 237.40, 0, 34, 248264
2026/06/09 22:26:33.221, 2, 450.26, 100, 39, 246658
2026/06/09 22:26:33.221, 3, 449.43, 100, 39, 246658
2026/06/09 22:26:34.221, 0, 254.16, 0, 34, 248264
2026/06/09 22:26:34.222, 1, 271.10, 0, 34, 248264
2026/06/09 22:26:34.222, 2, 450.07, 100, 39, 246658
2026/06/09 22:26:34.222, 3, 449.91, 100, 39, 246658
2026/06/09 22:26:35.222, 0, 238.59, 0, 34, 248264
2026/06/09 22:26:35.222, 1, 237.66, 0, 34, 248264
2026/06/09 22:26:35.222, 2, 449.40, 100, 39, 246658
2026/06/09 22:26:35.222, 3, 450.13, 100, 39, 246658
2026/06/09 22:26:36.222, 0, 238.77, 0, 34, 248264
2026/06/09 22:26:36.222, 1, 237.48, 0, 34, 248264
2026/06/09 22:26:36.222, 2, 445.86, 100, 39, 246658
2026/06/09 22:26:36.222, 3, 446.92, 100, 39, 246658
2026/06/09 22:26:37.222, 0, 238.67, 0, 34, 248264
2026/06/09 22:26:37.231, 1, 237.51, 0, 34, 248264
2026/06/09 22:26:37.231, 2, 447.89, 100, 39, 246658
2026/06/09 22:26:37.231, 3, 448.85, 100, 39, 246658
2026/06/09 22:26:38.231, 0, 238.53, 0, 34, 248264
2026/06/09 22:26:38.231, 1, 237.41, 0, 34, 248264
2026/06/09 22:26:38.231, 2, 447.79, 100, 39, 246658
2026/06/09 22:26:38.231, 3, 448.46, 100, 39, 246658
2026/06/09 22:26:39.232, 0, 263.85, 0, 34, 248264
2026/06/09 22:26:39.232, 1, 247.27, 0, 34, 248264
2026/06/09 22:26:39.232, 2, 450.20, 100, 39, 246658
2026/06/09 22:26:39.232, 3, 452.76, 100, 39, 246658
2026/06/09 22:26:40.232, 0, 257.90, 0, 34, 248264
2026/06/09 22:26:40.232, 1, 247.61, 0, 34, 248264
2026/06/09 22:26:40.232, 2, 451.92, 100, 39, 246658
2026/06/09 22:26:40.232, 3, 453.24, 100, 39, 246658
2026/06/09 22:26:41.232, 0, 238.85, 0, 34, 248264
2026/06/09 22:26:41.232, 1, 237.73, 0, 34, 248264
2026/06/09 22:26:41.232, 2, 452.18, 100, 39, 246658
2026/06/09 22:26:41.232, 3, 454.01, 100, 39, 246658
2026/06/09 22:26:42.232, 0, 259.06, 0, 34, 248264
2026/06/09 22:26:42.232, 1, 248.57, 0, 34, 248264
2026/06/09 22:26:42.233, 2, 442.89, 100, 39, 246658
2026/06/09 22:26:42.233, 3, 446.86, 100, 39, 246658
2026/06/09 22:26:43.233, 0, 256.16, 0, 34, 248264
2026/06/09 22:26:43.233, 1, 264.86, 0, 34, 248264
2026/06/09 22:26:43.233, 2, 443.61, 100, 39, 246658
2026/06/09 22:26:43.233, 3, 441.95, 100, 39, 246658
2026/06/09 22:26:44.233, 0, 238.78, 0, 34, 248264
2026/06/09 22:26:44.233, 1, 237.51, 0, 34, 248264
2026/06/09 22:26:44.233, 2, 444.25, 100, 39, 246658
2026/06/09 22:26:44.233, 3, 443.77, 100, 39, 246658
2026/06/09 22:26:45.233, 0, 256.85, 0, 34, 248264
2026/06/09 22:26:45.234, 1, 255.94, 0, 34, 248264
2026/06/09 22:26:45.234, 2, 447.03, 100, 39, 246658
2026/06/09 22:26:45.234, 3, 446.57, 98, 39, 246658
2026/06/09 22:26:46.234, 0, 238.67, 0, 34, 248264
2026/06/09 22:26:46.234, 1, 237.62, 0, 34, 248264
2026/06/09 22:26:46.234, 2, 446.25, 100, 39, 246658
2026/06/09 22:26:46.234, 3, 447.07, 100, 39, 246658
2026/06/09 22:26:47.234, 0, 260.88, 0, 34, 248264
2026/06/09 22:26:47.234, 1, 262.32, 0, 34, 248264
2026/06/09 22:26:47.234, 2, 443.36, 100, 39, 246658
2026/06/09 22:26:47.234, 3, 443.41, 100, 39, 246658
2026/06/09 22:26:48.234, 0, 238.44, 0, 34, 248264
2026/06/09 22:26:48.235, 1, 237.44, 0, 34, 248264
2026/06/09 22:26:48.235, 2, 443.87, 100, 39, 246658
2026/06/09 22:26:48.235, 3, 443.71, 100, 39, 246658
2026/06/09 22:26:49.235, 0, 238.29, 0, 34, 248264
2026/06/09 22:26:49.235, 1, 237.34, 0, 34, 248264
2026/06/09 22:26:49.235, 2, 442.18, 100, 38, 246658
2026/06/09 22:26:49.235, 3, 442.50, 100, 39, 246658
2026/06/09 22:26:50.235, 0, 252.63, 16, 34, 248264
2026/06/09 22:26:50.235, 1, 263.74, 5, 34, 248264
2026/06/09 22:26:50.235, 2, 442.35, 100, 38, 246658
2026/06/09 22:26:50.235, 3, 443.19, 100, 39, 246658
2026/06/09 22:26:51.236, 0, 238.53, 0, 34, 248264
2026/06/09 22:26:51.236, 1, 237.60, 0, 34, 248264
2026/06/09 22:26:51.236, 2, 444.47, 100, 38, 246658
2026/06/09 22:26:51.236, 3, 444.63, 100, 39, 246658
2026/06/09 22:26:52.236, 0, 238.14, 0, 33, 248264
2026/06/09 22:26:52.236, 1, 236.68, 0, 33, 248264
2026/06/09 22:26:52.236, 2, 444.40, 100, 38, 246658
2026/06/09 22:26:52.236, 3, 446.87, 100, 39, 246658
2026/06/09 22:26:53.236, 0, 238.22, 0, 33, 248264
2026/06/09 22:26:53.236, 1, 236.87, 0, 33, 248264
2026/06/09 22:26:53.236, 2, 442.41, 100, 38, 246658
2026/06/09 22:26:53.236, 3, 442.18, 100, 39, 246658
2026/06/09 22:26:54.236, 0, 238.14, 0, 33, 248264
2026/06/09 22:26:54.237, 1, 236.61, 0, 33, 248264
2026/06/09 22:26:54.237, 2, 443.64, 100, 38, 246658
2026/06/09 22:26:54.237, 3, 444.81, 100, 38, 246658
2026/06/09 22:26:55.237, 0, 238.14, 0, 33, 248264
2026/06/09 22:26:55.237, 1, 236.23, 0, 33, 248264
2026/06/09 22:26:55.237, 2, 442.27, 100, 38, 246658
2026/06/09 22:26:55.237, 3, 442.15, 100, 38, 246658
2026/06/09 22:26:56.237, 0, 238.22, 0, 33, 248264
2026/06/09 22:26:56.237, 1, 236.78, 0, 33, 248264
2026/06/09 22:26:56.237, 2, 440.87, 100, 38, 246658
2026/06/09 22:26:56.237, 3, 444.56, 100, 38, 246658
2026/06/09 22:26:57.237, 0, 259.41, 19, 34, 248264
2026/06/09 22:26:57.238, 1, 254.41, 18, 34, 248264
2026/06/09 22:26:57.238, 2, 440.98, 98, 38, 246658
2026/06/09 22:26:57.238, 3, 441.96, 100, 38, 246658
2026/06/09 22:26:58.238, 0, 238.46, 0, 33, 248264
2026/06/09 22:26:58.238, 1, 237.10, 0, 33, 248264
2026/06/09 22:26:58.238, 2, 443.65, 100, 38, 246658
2026/06/09 22:26:58.238, 3, 445.53, 100, 38, 246658
2026/06/09 22:26:59.238, 0, 256.20, 0, 34, 248264
2026/06/09 22:26:59.238, 1, 254.62, 0, 33, 248264
2026/06/09 22:26:59.238, 2, 443.48, 100, 38, 246658
2026/06/09 22:26:59.238, 3, 444.97, 100, 38, 246658
2026/06/09 22:27:00.238, 0, 238.30, 0, 33, 248264
2026/06/09 22:27:00.239, 1, 236.98, 0, 33, 248264
2026/06/09 22:27:00.239, 2, 444.30, 100, 38, 246658
2026/06/09 22:27:00.239, 3, 445.55, 100, 39, 246658
2026/06/09 22:27:01.239, 0, 252.39, 0, 34, 248264
2026/06/09 22:27:01.239, 1, 267.17, 0, 34, 248264
2026/06/09 22:27:01.239, 2, 445.17, 100, 38, 246658
2026/06/09 22:27:01.239, 3, 446.88, 100, 38, 246658
2026/06/09 22:27:02.239, 0, 277.31, 0, 34, 248264
2026/06/09 22:27:02.239, 1, 252.83, 0, 34, 248264
2026/06/09 22:27:02.239, 2, 445.67, 100, 38, 246658
2026/06/09 22:27:02.239, 3, 446.79, 100, 38, 246658
2026/06/09 22:27:03.239, 0, 238.30, 0, 34, 248264
2026/06/09 22:27:03.240, 1, 237.14, 0, 33, 248264
2026/06/09 22:27:03.240, 2, 445.84, 100, 38, 246658
2026/06/09 22:27:03.240, 3, 444.76, 100, 38, 246658
2026/06/09 22:27:04.240, 0, 238.14, 0, 33, 248264
2026/06/09 22:27:04.244, 1, 237.06, 0, 33, 248264
2026/06/09 22:27:04.244, 2, 447.18, 100, 38, 246658
2026/06/09 22:27:04.244, 3, 447.89, 100, 38, 246658
2026/06/09 22:27:05.244, 0, 238.22, 0, 33, 248264
2026/06/09 22:27:05.244, 1, 236.91, 0, 33, 248264
2026/06/09 22:27:05.245, 2, 446.54, 100, 38, 246658
2026/06/09 22:27:05.245, 3, 445.61, 100, 38, 246658
2026/06/09 22:27:06.245, 0, 238.14, 0, 33, 248264
2026/06/09 22:27:06.245, 1, 236.63, 0, 33, 248264
2026/06/09 22:27:06.245, 2, 447.11, 100, 38, 246658
2026/06/09 22:27:06.245, 3, 447.60, 100, 38, 246658
2026/06/09 22:27:07.245, 0, 258.60, 0, 34, 248264
2026/06/09 22:27:07.245, 1, 255.60, 0, 33, 248264
2026/06/09 22:27:07.245, 2, 447.00, 100, 38, 246658
2026/06/09 22:27:07.245, 3, 446.52, 100, 38, 246658
2026/06/09 22:27:08.245, 0, 239.13, 0, 33, 248264
2026/06/09 22:27:08.245, 1, 238.12, 0, 33, 248264
2026/06/09 22:27:08.246, 2, 447.70, 100, 38, 246658
2026/06/09 22:27:08.246, 3, 448.71, 100, 38, 246658
2026/06/09 22:27:09.246, 0, 238.22, 0, 33, 248264
2026/06/09 22:27:09.246, 1, 237.10, 0, 33, 248264
2026/06/09 22:27:09.246, 2, 446.96, 100, 38, 246658
2026/06/09 22:27:09.246, 3, 445.53, 100, 38, 246658
2026/06/09 22:27:10.246, 0, 239.35, 0, 33, 248264
2026/06/09 22:27:10.246, 1, 245.23, 0, 35, 248264
2026/06/09 22:27:10.246, 2, 444.53, 100, 38, 246658
2026/06/09 22:27:10.246, 3, 443.88, 100, 38, 246658
2026/06/09 22:27:11.246, 0, 250.30, 0, 33, 248264
2026/06/09 22:27:11.246, 1, 258.54, 0, 33, 248264
2026/06/09 22:27:11.247, 2, 446.00, 100, 38, 246658
2026/06/09 22:27:11.247, 3, 445.47, 100, 39, 246658
2026/06/09 22:27:12.247, 0, 258.86, 0, 34, 248264
2026/06/09 22:27:12.247, 1, 248.91, 0, 34, 248264
2026/06/09 22:27:12.247, 2, 446.11, 100, 38, 246658
2026/06/09 22:27:12.247, 3, 447.15, 100, 38, 246658
2026/06/09 22:27:13.247, 0, 286.45, 79, 36, 248264
2026/06/09 22:27:13.247, 1, 261.72, 22, 34, 248264
2026/06/09 22:27:13.247, 2, 442.58, 100, 38, 246658
2026/06/09 22:27:13.247, 3, 443.76, 100, 38, 246658
2026/06/09 22:27:14.247, 0, 256.60, 0, 34, 248264
2026/06/09 22:27:14.248, 1, 254.63, 0, 34, 248264
2026/06/09 22:27:14.248, 2, 440.05, 100, 38, 246658
2026/06/09 22:27:14.248, 3, 441.40, 100, 38, 246658
2026/06/09 22:27:15.248, 0, 238.22, 0, 33, 248264
2026/06/09 22:27:15.248, 1, 236.49, 0, 33, 248264
2026/06/09 22:27:15.248, 2, 439.00, 100, 38, 246658
2026/06/09 22:27:15.248, 3, 441.77, 100, 38, 246658
2026/06/09 22:27:16.248, 0, 238.14, 0, 33, 248264
2026/06/09 22:27:16.248, 1, 236.70, 0, 33, 248264
2026/06/09 22:27:16.248, 2, 442.41, 100, 38, 246658
2026/06/09 22:27:16.248, 3, 442.44, 100, 38, 246658
2026/06/09 22:27:17.248, 0, 238.14, 0, 33, 248264
2026/06/09 22:27:17.248, 1, 236.54, 0, 33, 248264
2026/06/09 22:27:17.248, 2, 438.15, 100, 38, 246658
2026/06/09 22:27:17.249, 3, 440.92, 100, 38, 246658
2026/06/09 22:27:18.249, 0, 238.14, 0, 33, 248264
2026/06/09 22:27:18.249, 1, 236.69, 0, 33, 248264
2026/06/09 22:27:18.249, 2, 442.51, 100, 38, 246658
2026/06/09 22:27:18.249, 3, 443.26, 100, 38, 246658
2026/06/09 22:27:19.249, 0, 250.96, 0, 34, 248264
2026/06/09 22:27:19.249, 1, 254.46, 0, 34, 248264
2026/06/09 22:27:19.249, 2, 438.45, 100, 38, 246658
2026/06/09 22:27:19.249, 3, 440.52, 98, 38, 246658
2026/06/09 22:27:20.249, 0, 238.14, 0, 33, 248264
2026/06/09 22:27:20.250, 1, 237.17, 0, 33, 248264
2026/06/09 22:27:20.250, 2, 441.35, 100, 38, 246658
2026/06/09 22:27:20.250, 3, 441.05, 100, 38, 246658
2026/06/09 22:27:21.250, 0, 238.22, 0, 33, 248264
2026/06/09 22:27:21.250, 1, 237.04, 0, 33, 248264
2026/06/09 22:27:21.250, 2, 444.55, 100, 38, 246658
2026/06/09 22:27:21.250, 3, 439.37, 100, 38, 246658
2026/06/09 22:27:22.250, 0, 238.14, 0, 33, 248264
2026/06/09 22:27:22.250, 1, 236.34, 0, 33, 248264
2026/06/09 22:27:22.250, 2, 442.71, 100, 38, 246658
2026/06/09 22:27:22.250, 3, 442.35, 100, 38, 246658
2026/06/09 22:27:23.250, 0, 248.31, 0, 33, 248264
2026/06/09 22:27:23.250, 1, 260.36, 0, 33, 248264
2026/06/09 22:27:23.250, 2, 439.41, 100, 38, 246658
2026/06/09 22:27:23.251, 3, 443.40, 100, 38, 246658
2026/06/09 22:27:24.251, 0, 248.84, 0, 33, 248264
2026/06/09 22:27:24.251, 1, 256.35, 0, 33, 248264
2026/06/09 22:27:24.251, 2, 439.34, 100, 38, 246658
2026/06/09 22:27:24.251, 3, 444.48, 100, 38, 246658
2026/06/09 22:27:25.251, 0, 238.14, 0, 33, 248264
2026/06/09 22:27:25.251, 1, 236.37, 0, 33, 248264
2026/06/09 22:27:25.251, 2, 443.32, 100, 38, 246658
2026/06/09 22:27:25.251, 3, 445.24, 100, 38, 246658
2026/06/09 22:27:26.251, 0, 274.16, 0, 34, 248264
2026/06/09 22:27:26.251, 1, 254.56, 0, 33, 248264
2026/06/09 22:27:26.251, 2, 438.62, 100, 38, 246658
2026/06/09 22:27:26.251, 3, 442.52, 100, 38, 246658
2026/06/09 22:27:27.252, 0, 238.30, 0, 33, 248264
2026/06/09 22:27:27.252, 1, 236.91, 0, 33, 248264
2026/06/09 22:27:27.252, 2, 442.39, 100, 38, 246658
2026/06/09 22:27:27.252, 3, 443.18, 100, 38, 246658
2026/06/09 22:27:28.252, 0, 238.14, 0, 33, 248264
2026/06/09 22:27:28.252, 1, 236.49, 0, 33, 248264
2026/06/09 22:27:28.252, 2, 443.22, 100, 38, 246658
2026/06/09 22:27:28.252, 3, 442.83, 100, 38, 246658
2026/06/09 22:27:29.252, 0, 271.16, 18, 35, 248264
2026/06/09 22:27:29.252, 1, 267.85, 12, 34, 248264
2026/06/09 22:27:29.252, 2, 440.53, 100, 38, 246658
2026/06/09 22:27:29.252, 3, 439.71, 100, 38, 246658
2026/06/09 22:27:30.252, 0, 250.79, 0, 33, 248264
2026/06/09 22:27:30.253, 1, 244.39, 0, 34, 248264
2026/06/09 22:27:30.253, 2, 443.22, 100, 38, 246658
2026/06/09 22:27:30.253, 3, 442.33, 100, 38, 246658
2026/06/09 22:27:31.253, 0, 259.56, 0, 33, 248264
2026/06/09 22:27:31.253, 1, 244.00, 0, 33, 248264
2026/06/09 22:27:31.253, 2, 439.10, 100, 38, 246658
2026/06/09 22:27:31.253, 3, 442.06, 100, 38, 246658
2026/06/09 22:27:32.253, 0, 238.14, 0, 33, 248264
2026/06/09 22:27:32.253, 1, 236.76, 0, 33, 248264
2026/06/09 22:27:32.253, 2, 442.89, 100, 38, 246658
2026/06/09 22:27:32.253, 3, 443.24, 100, 38, 246658
2026/06/09 22:27:33.254, 0, 262.37, 0, 34, 248264
2026/06/09 22:27:33.261, 1, 258.37, 0, 34, 248264
2026/06/09 22:27:33.261, 2, 443.71, 98, 38, 246658
2026/06/09 22:27:33.262, 3, 445.70, 100, 38, 246658
2026/06/09 22:27:34.262, 0, 238.22, 0, 33, 248264
2026/06/09 22:27:34.263, 1, 236.62, 0, 33, 248264
2026/06/09 22:27:34.263, 2, 445.72, 100, 38, 246658
2026/06/09 22:27:34.263, 3, 445.21, 100, 38, 246658
2026/06/09 22:27:35.263, 0, 238.22, 0, 33, 248264
2026/06/09 22:27:35.263, 1, 236.44, 0, 33, 248264
2026/06/09 22:27:35.263, 2, 442.37, 100, 38, 246658
2026/06/09 22:27:35.263, 3, 444.12, 100, 38, 246658
2026/06/09 22:27:36.263, 0, 238.14, 0, 33, 248264
2026/06/09 22:27:36.263, 1, 237.93, 0, 34, 248264
2026/06/09 22:27:36.263, 2, 441.09, 100, 38, 246658
2026/06/09 22:27:36.263, 3, 441.95, 100, 38, 246658
2026/06/09 22:27:37.263, 0, 263.54, 0, 33, 248264
2026/06/09 22:27:37.264, 1, 246.73, 0, 33, 248264
2026/06/09 22:27:37.264, 2, 445.79, 100, 38, 246658
2026/06/09 22:27:37.264, 3, 443.51, 100, 38, 246658
2026/06/09 22:27:38.264, 0, 264.65, 0, 34, 248264
2026/06/09 22:27:38.264, 1, 275.41, 0, 34, 248264
2026/06/09 22:27:38.264, 2, 441.94, 100, 38, 246658
2026/06/09 22:27:38.264, 3, 445.82, 100, 38, 246658
2026/06/09 22:27:39.264, 0, 238.14, 0, 33, 248264
2026/06/09 22:27:39.264, 1, 236.47, 0, 33, 248264
2026/06/09 22:27:39.264, 2, 440.55, 100, 38, 246658
2026/06/09 22:27:39.264, 3, 442.95, 100, 38, 246658
2026/06/09 22:27:40.264, 0, 238.22, 0, 33, 248264
2026/06/09 22:27:40.265, 1, 235.79, 0, 33, 248264
2026/06/09 22:27:40.265, 2, 445.15, 100, 38, 246658
2026/06/09 22:27:40.265, 3, 443.69, 100, 38, 246658
2026/06/09 22:27:41.265, 0, 238.14, 0, 33, 248264
2026/06/09 22:27:41.265, 1, 235.95, 0, 33, 248264
2026/06/09 22:27:41.265, 2, 443.62, 100, 38, 246658
2026/06/09 22:27:41.265, 3, 443.13, 100, 38, 246658
2026/06/09 22:27:42.265, 0, 238.14, 0, 33, 248264
2026/06/09 22:27:42.265, 1, 236.55, 0, 33, 248264
2026/06/09 22:27:42.265, 2, 440.90, 100, 38, 246658
2026/06/09 22:27:42.265, 3, 440.19, 100, 38, 246658
2026/06/09 22:27:43.265, 0, 238.14, 0, 33, 248264
2026/06/09 22:27:43.265, 1, 235.95, 0, 33, 248264
2026/06/09 22:27:43.266, 2, 440.06, 100, 38, 246658
2026/06/09 22:27:43.266, 3, 441.88, 100, 38, 246658
2026/06/09 22:27:44.266, 0, 276.98, 67, 36, 248264
2026/06/09 22:27:44.266, 1, 263.86, 31, 34, 248264
2026/06/09 22:27:44.266, 2, 426.51, 100, 37, 246658
2026/06/09 22:27:44.266, 3, 428.59, 96, 38, 246658
2026/06/09 22:27:45.266, 0, 238.94, 0, 33, 248264
2026/06/09 22:27:45.266, 1, 237.30, 0, 33, 248264
2026/06/09 22:27:45.266, 2, 443.40, 100, 38, 246658
2026/06/09 22:27:45.266, 3, 446.04, 100, 38, 246658
2026/06/09 22:27:46.266, 0, 238.14, 0, 33, 248264
2026/06/09 22:27:46.266, 1, 236.45, 0, 33, 248264
2026/06/09 22:27:46.267, 2, 445.59, 100, 38, 246658
2026/06/09 22:27:46.267, 3, 447.61, 100, 38, 246658
2026/06/09 22:27:47.267, 0, 238.14, 0, 33, 248264
2026/06/09 22:27:47.267, 1, 236.28, 0, 33, 248264
2026/06/09 22:27:47.267, 2, 444.53, 100, 38, 246658
2026/06/09 22:27:47.267, 3, 445.49, 100, 38, 246658
2026/06/09 22:27:48.267, 0, 238.22, 0, 33, 248264
2026/06/09 22:27:48.267, 1, 236.30, 0, 33, 248264
2026/06/09 22:27:48.267, 2, 444.43, 100, 38, 246658
2026/06/09 22:27:48.267, 3, 443.55, 100, 38, 246658
2026/06/09 22:27:49.267, 0, 238.14, 0, 33, 248264
2026/06/09 22:27:49.268, 1, 235.97, 0, 33, 248264
2026/06/09 22:27:49.268, 2, 445.35, 100, 38, 246658
2026/06/09 22:27:49.268, 3, 446.57, 100, 38, 246658
2026/06/09 22:27:50.268, 0, 276.34, 0, 34, 248264
2026/06/09 22:27:50.268, 1, 250.60, 0, 33, 248264
2026/06/09 22:27:50.268, 2, 445.16, 100, 38, 246658
2026/06/09 22:27:50.268, 3, 445.00, 100, 38, 246658
2026/06/09 22:27:51.268, 0, 238.37, 0, 33, 248264
2026/06/09 22:27:51.268, 1, 236.58, 0, 33, 248264
2026/06/09 22:27:51.268, 2, 441.90, 100, 38, 246658
2026/06/09 22:27:51.268, 3, 445.68, 100, 38, 246658
2026/06/09 22:27:52.268, 0, 238.14, 0, 33, 248264
2026/06/09 22:27:52.269, 1, 236.06, 0, 33, 248264
2026/06/09 22:27:52.269, 2, 443.47, 100, 38, 246658
2026/06/09 22:27:52.269, 3, 444.78, 100, 38, 246658
2026/06/09 22:27:53.269, 0, 238.14, 0, 33, 248264
2026/06/09 22:27:53.269, 1, 236.02, 0, 33, 248264
2026/06/09 22:27:53.269, 2, 445.10, 100, 38, 246658
2026/06/09 22:27:53.269, 3, 445.91, 100, 38, 246658
2026/06/09 22:27:54.269, 0, 238.13, 0, 33, 248264
2026/06/09 22:27:54.269, 1, 235.99, 0, 33, 248264
2026/06/09 22:27:54.269, 2, 445.34, 100, 38, 246658
2026/06/09 22:27:54.269, 3, 445.69, 100, 38, 246658
2026/06/09 22:27:55.269, 0, 238.14, 0, 33, 248264
2026/06/09 22:27:55.270, 1, 235.86, 0, 33, 248264
2026/06/09 22:27:55.270, 2, 444.82, 100, 38, 246658
2026/06/09 22:27:55.270, 3, 445.36, 100, 38, 246658
2026/06/09 22:27:56.274, 0, 238.14, 0, 33, 248264
2026/06/09 22:27:56.274, 1, 236.04, 0, 33, 248264
2026/06/09 22:27:56.275, 2, 445.04, 100, 38, 246658
2026/06/09 22:27:56.276, 3, 445.50, 100, 38, 246658
2026/06/09 22:27:57.277, 0, 238.14, 0, 33, 248264
2026/06/09 22:27:57.277, 1, 235.93, 0, 33, 248264
2026/06/09 22:27:57.278, 2, 441.93, 100, 38, 246658
2026/06/09 22:27:57.278, 3, 443.28, 100, 38, 246658
2026/06/09 22:27:58.278, 0, 238.14, 0, 33, 248264
2026/06/09 22:27:58.278, 1, 236.12, 0, 33, 248264
2026/06/09 22:27:58.278, 2, 445.74, 100, 38, 246658
2026/06/09 22:27:58.278, 3, 444.61, 100, 38, 246658
2026/06/09 22:27:59.278, 0, 277.73, 55, 36, 248264
2026/06/09 22:27:59.278, 1, 280.20, 47, 34, 248264
2026/06/09 22:27:59.278, 2, 430.20, 100, 38, 246658
2026/06/09 22:27:59.278, 3, 433.05, 97, 38, 246658
2026/06/09 22:28:00.278, 0, 238.85, 0, 33, 248264
2026/06/09 22:28:00.279, 1, 236.94, 0, 33, 248264
2026/06/09 22:28:00.279, 2, 445.22, 100, 38, 246658
2026/06/09 22:28:00.279, 3, 446.11, 100, 38, 246658
2026/06/09 22:28:01.279, 0, 238.22, 0, 33, 248264
2026/06/09 22:28:01.279, 1, 236.44, 0, 33, 248264
2026/06/09 22:28:01.279, 2, 445.99, 100, 38, 246658
2026/06/09 22:28:01.279, 3, 444.65, 100, 38, 246658
2026/06/09 22:28:02.279, 0, 276.83, 0, 34, 248264
2026/06/09 22:28:02.279, 1, 252.38, 0, 33, 248264
2026/06/09 22:28:02.279, 2, 446.08, 100, 38, 246658
2026/06/09 22:28:02.279, 3, 446.22, 100, 38, 246658
2026/06/09 22:28:03.279, 0, 262.21, 0, 34, 248264
2026/06/09 22:28:03.280, 1, 246.48, 0, 33, 248264
2026/06/09 22:28:03.280, 2, 442.60, 100, 38, 246658
2026/06/09 22:28:03.280, 3, 444.60, 100, 38, 246658
2026/06/09 22:28:04.280, 0, 252.05, 0, 34, 248264
2026/06/09 22:28:04.280, 1, 272.95, 0, 34, 248264
2026/06/09 22:28:04.280, 2, 441.38, 100, 38, 246658
2026/06/09 22:28:04.280, 3, 443.92, 100, 38, 246658
2026/06/09 22:28:05.280, 0, 238.22, 0, 33, 248264
2026/06/09 22:28:05.280, 1, 237.38, 0, 33, 248264
2026/06/09 22:28:05.280, 2, 440.91, 100, 38, 246658
2026/06/09 22:28:05.280, 3, 441.45, 100, 38, 246658
2026/06/09 22:28:06.280, 0, 238.38, 0, 33, 248264
2026/06/09 22:28:06.280, 1, 236.46, 0, 33, 248264
2026/06/09 22:28:06.280, 2, 442.61, 100, 38, 246658
2026/06/09 22:28:06.281, 3, 443.66, 100, 38, 246658
2026/06/09 22:28:07.281, 0, 238.14, 0, 33, 248264
2026/06/09 22:28:07.281, 1, 236.48, 0, 33, 248264
2026/06/09 22:28:07.281, 2, 443.18, 100, 38, 246658
2026/06/09 22:28:07.281, 3, 444.30, 100, 38, 246658
2026/06/09 22:28:08.281, 0, 239.54, 0, 33, 248264
2026/06/09 22:28:08.281, 1, 236.87, 0, 33, 248264
2026/06/09 22:28:08.281, 2, 444.28, 100, 38, 246658
2026/06/09 22:28:08.281, 3, 446.64, 100, 38, 246658
2026/06/09 22:28:09.281, 0, 238.14, 0, 33, 248264
2026/06/09 22:28:09.281, 1, 236.16, 0, 33, 248264
2026/06/09 22:28:09.281, 2, 444.50, 100, 38, 246658
2026/06/09 22:28:09.281, 3, 447.02, 100, 38, 246658
2026/06/09 22:28:10.281, 0, 238.22, 0, 33, 248264
2026/06/09 22:28:10.282, 1, 236.85, 0, 33, 248264
2026/06/09 22:28:10.282, 2, 445.53, 100, 38, 246658
2026/06/09 22:28:10.282, 3, 445.80, 100, 38, 246658
2026/06/09 22:28:11.282, 0, 238.14, 0, 33, 248264
2026/06/09 22:28:11.282, 1, 235.74, 0, 33, 248264
2026/06/09 22:28:11.282, 2, 445.08, 100, 38, 246658
2026/06/09 22:28:11.282, 3, 446.32, 100, 38, 246658
2026/06/09 22:28:12.282, 0, 238.14, 0, 33, 248264
2026/06/09 22:28:12.282, 1, 236.15, 0, 33, 248264
2026/06/09 22:28:12.282, 2, 445.90, 100, 38, 246658
2026/06/09 22:28:12.282, 3, 448.45, 100, 38, 246658
2026/06/09 22:28:13.282, 0, 278.92, 0, 34, 248264
2026/06/09 22:28:13.283, 1, 250.80, 0, 33, 248264
2026/06/09 22:28:13.283, 2, 443.96, 100, 38, 246658
2026/06/09 22:28:13.283, 3, 446.07, 100, 38, 246658
2026/06/09 22:28:14.283, 0, 273.18, 30, 34, 248264
2026/06/09 22:28:14.283, 1, 296.27, 71, 34, 248264
2026/06/09 22:28:14.283, 2, 442.11, 100, 38, 246658
2026/06/09 22:28:14.283, 3, 445.86, 100, 38, 246658
2026/06/09 22:28:15.283, 0, 238.75, 0, 33, 248264
2026/06/09 22:28:15.283, 1, 236.98, 0, 33, 248264
2026/06/09 22:28:15.283, 2, 443.12, 100, 38, 246658
2026/06/09 22:28:15.283, 3, 444.86, 100, 38, 246658
2026/06/09 22:28:16.283, 0, 238.22, 0, 33, 248264
2026/06/09 22:28:16.284, 1, 236.88, 0, 33, 248264
2026/06/09 22:28:16.284, 2, 443.75, 100, 38, 246658
2026/06/09 22:28:16.284, 3, 444.17, 100, 38, 246658
2026/06/09 22:28:17.284, 0, 238.14, 0, 33, 248264
2026/06/09 22:28:17.284, 1, 236.89, 0, 33, 248264
2026/06/09 22:28:17.284, 2, 440.18, 100, 38, 246658
2026/06/09 22:28:17.284, 3, 444.07, 100, 38, 246658
2026/06/09 22:28:18.284, 0, 238.14, 0, 33, 248264
2026/06/09 22:28:18.284, 1, 236.43, 0, 33, 248264
2026/06/09 22:28:18.284, 2, 443.67, 100, 38, 246658
2026/06/09 22:28:18.284, 3, 444.28, 100, 38, 246658
2026/06/09 22:28:19.285, 0, 238.14, 0, 33, 248264
2026/06/09 22:28:19.285, 1, 236.87, 0, 33, 248264
2026/06/09 22:28:19.285, 2, 445.12, 100, 38, 246658
2026/06/09 22:28:19.285, 3, 446.24, 100, 38, 246658
2026/06/09 22:28:20.285, 0, 238.22, 0, 33, 248264
2026/06/09 22:28:20.285, 1, 236.26, 0, 33, 248264
2026/06/09 22:28:20.285, 2, 445.80, 100, 38, 246658
2026/06/09 22:28:20.285, 3, 446.27, 100, 38, 246658
2026/06/09 22:28:21.285, 0, 282.19, 0, 34, 248264
2026/06/09 22:28:21.285, 1, 257.64, 0, 33, 248264
2026/06/09 22:28:21.285, 2, 425.40, 100, 38, 246658
2026/06/09 22:28:21.285, 3, 426.58, 100, 38, 246658
2026/06/09 22:28:22.285, 0, 314.08, 0, 34, 248264
2026/06/09 22:28:22.286, 1, 261.69, 0, 34, 248264
2026/06/09 22:28:22.286, 2, 440.08, 100, 38, 246658
2026/06/09 22:28:22.286, 3, 441.45, 100, 38, 246658
2026/06/09 22:28:23.286, 0, 238.52, 0, 34, 248264
2026/06/09 22:28:23.286, 1, 236.41, 0, 33, 248264
2026/06/09 22:28:23.286, 2, 442.08, 100, 38, 246658
2026/06/09 22:28:23.286, 3, 441.45, 100, 38, 246658
2026/06/09 22:28:24.286, 0, 238.14, 0, 33, 248264
2026/06/09 22:28:24.286, 1, 236.36, 0, 33, 248264
2026/06/09 22:28:24.286, 2, 441.01, 100, 38, 246658
2026/06/09 22:28:24.286, 3, 441.31, 100, 38, 246658
2026/06/09 22:28:25.286, 0, 238.14, 0, 33, 248264
2026/06/09 22:28:25.286, 1, 239.82, 0, 33, 248264
2026/06/09 22:28:25.287, 2, 440.34, 100, 38, 246658
2026/06/09 22:28:25.288, 3, 439.19, 100, 38, 246658
2026/06/09 22:28:26.289, 0, 280.20, 22, 35, 248264
2026/06/09 22:28:26.290, 1, 272.61, 24, 34, 248264
2026/06/09 22:28:26.291, 2, 441.59, 100, 38, 246658
2026/06/09 22:28:26.292, 3, 443.49, 98, 38, 246658
2026/06/09 22:28:27.293, 0, 239.46, 0, 33, 248264
2026/06/09 22:28:27.294, 1, 236.56, 0, 33, 248264
2026/06/09 22:28:27.294, 2, 442.11, 100, 38, 246658
2026/06/09 22:28:27.294, 3, 443.51, 100, 38, 246658
2026/06/09 22:28:28.294, 0, 239.97, 0, 33, 248264
2026/06/09 22:28:28.294, 1, 252.16, 0, 36, 248264
2026/06/09 22:28:28.294, 2, 445.08, 100, 38, 246658
2026/06/09 22:28:28.294, 3, 445.17, 100, 38, 246658
2026/06/09 22:28:29.294, 0, 252.24, 0, 33, 248264
2026/06/09 22:28:29.294, 1, 265.27, 0, 33, 248264
2026/06/09 22:28:29.294, 2, 442.36, 100, 38, 246658
2026/06/09 22:28:29.294, 3, 443.95, 100, 38, 246658
2026/06/09 22:28:30.294, 0, 238.14, 0, 33, 248264
2026/06/09 22:28:30.294, 1, 236.10, 0, 33, 248264
2026/06/09 22:28:30.295, 2, 438.37, 100, 38, 246658
2026/06/09 22:28:30.295, 3, 441.39, 100, 38, 246658
2026/06/09 22:28:31.295, 0, 238.14, 0, 33, 248264
2026/06/09 22:28:31.295, 1, 236.52, 0, 33, 248264
2026/06/09 22:28:31.295, 2, 437.41, 100, 38, 246658
2026/06/09 22:28:31.295, 3, 439.49, 100, 38, 246658
2026/06/09 22:28:32.295, 0, 238.28, 0, 33, 248264
2026/06/09 22:28:32.295, 1, 236.57, 0, 33, 248264
2026/06/09 22:28:32.295, 2, 439.87, 100, 38, 246658
2026/06/09 22:28:32.295, 3, 444.06, 100, 38, 246658
2026/06/09 22:28:33.295, 0, 238.13, 0, 33, 248264
2026/06/09 22:28:33.296, 1, 235.81, 0, 33, 248264
2026/06/09 22:28:33.296, 2, 441.81, 100, 38, 246658
2026/06/09 22:28:33.296, 3, 444.28, 100, 38, 246658
2026/06/09 22:28:34.296, 0, 238.14, 0, 33, 248264
2026/06/09 22:28:34.296, 1, 236.17, 0, 33, 248264
2026/06/09 22:28:34.296, 2, 443.83, 100, 38, 246658
2026/06/09 22:28:34.296, 3, 443.36, 100, 38, 246658
2026/06/09 22:28:35.296, 0, 254.75, 0, 33, 248264
2026/06/09 22:28:35.296, 1, 269.43, 0, 34, 248264
2026/06/09 22:28:35.296, 2, 443.93, 100, 38, 246658
2026/06/09 22:28:35.296, 3, 442.29, 100, 38, 246658
2026/06/09 22:28:36.297, 0, 238.31, 0, 33, 248264
2026/06/09 22:28:36.297, 1, 236.31, 0, 33, 248264
2026/06/09 22:28:36.297, 2, 440.68, 100, 38, 246658
2026/06/09 22:28:36.297, 3, 441.03, 100, 38, 246658
2026/06/09 22:28:37.297, 0, 238.14, 0, 33, 248264
2026/06/09 22:28:37.297, 1, 235.88, 0, 33, 248264
2026/06/09 22:28:37.297, 2, 441.21, 100, 38, 246658
2026/06/09 22:28:37.297, 3, 440.90, 100, 38, 246658
2026/06/09 22:28:38.297, 0, 238.14, 0, 33, 248264
2026/06/09 22:28:38.297, 1, 236.24, 0, 33, 248264
2026/06/09 22:28:38.297, 2, 438.70, 100, 38, 246658
2026/06/09 22:28:38.297, 3, 442.32, 100, 38, 246658
2026/06/09 22:28:39.297, 0, 238.14, 0, 33, 248264
2026/06/09 22:28:39.298, 1, 235.92, 0, 33, 248264
2026/06/09 22:28:39.298, 2, 441.77, 100, 38, 246658
2026/06/09 22:28:39.298, 3, 442.11, 100, 38, 246658
2026/06/09 22:28:40.298, 0, 254.55, 0, 34, 248264
2026/06/09 22:28:40.298, 1, 252.33, 4, 33, 248264
2026/06/09 22:28:40.298, 2, 441.93, 98, 38, 246658
2026/06/09 22:28:40.298, 3, 443.10, 100, 38, 246658
2026/06/09 22:28:41.298, 0, 249.20, 11, 34, 248264
2026/06/09 22:28:41.298, 1, 257.67, 0, 35, 248264
2026/06/09 22:28:41.298, 2, 440.96, 100, 38, 246658
2026/06/09 22:28:41.298, 3, 438.46, 100, 38, 246658
2026/06/09 22:28:42.298, 0, 286.68, 0, 34, 248264
2026/06/09 22:28:42.298, 1, 250.85, 0, 33, 248264
2026/06/09 22:28:42.298, 2, 433.89, 100, 38, 246658
2026/06/09 22:28:42.299, 3, 440.24, 100, 38, 246658
2026/06/09 22:28:43.299, 0, 238.22, 0, 33, 248264
2026/06/09 22:28:43.299, 1, 236.08, 0, 33, 248264
2026/06/09 22:28:43.299, 2, 441.14, 100, 38, 246658
2026/06/09 22:28:43.299, 3, 440.89, 100, 38, 246658
2026/06/09 22:28:44.299, 0, 238.14, 0, 33, 248264
2026/06/09 22:28:44.299, 1, 235.82, 0, 33, 248264
2026/06/09 22:28:44.299, 2, 440.27, 100, 38, 246658
2026/06/09 22:28:44.299, 3, 440.86, 100, 38, 246658
2026/06/09 22:28:45.299, 0, 238.14, 0, 33, 248264
2026/06/09 22:28:45.300, 1, 235.95, 0, 33, 248264
2026/06/09 22:28:45.300, 2, 439.80, 100, 38, 246658
2026/06/09 22:28:45.300, 3, 441.01, 100, 38, 246658
2026/06/09 22:28:46.300, 0, 238.14, 0, 33, 248264
2026/06/09 22:28:46.300, 1, 236.07, 0, 33, 248264
2026/06/09 22:28:46.300, 2, 441.87, 100, 38, 246658
2026/06/09 22:28:46.300, 3, 441.90, 100, 38, 246658
2026/06/09 22:28:47.300, 0, 238.14, 0, 33, 248264
2026/06/09 22:28:47.300, 1, 236.24, 0, 33, 248264
2026/06/09 22:28:47.300, 2, 441.57, 100, 38, 246658
2026/06/09 22:28:47.300, 3, 441.48, 100, 38, 246658
2026/06/09 22:28:48.300, 0, 238.14, 0, 33, 248264
2026/06/09 22:28:48.300, 1, 235.99, 0, 33, 248264
2026/06/09 22:28:48.300, 2, 442.34, 100, 38, 246658
2026/06/09 22:28:48.300, 3, 440.84, 100, 38, 246658
2026/06/09 22:28:49.301, 0, 255.98, 0, 33, 248264
2026/06/09 22:28:49.301, 1, 273.08, 0, 33, 248264
2026/06/09 22:28:49.301, 2, 443.46, 100, 38, 246658
2026/06/09 22:28:49.301, 3, 444.82, 100, 38, 246658
2026/06/09 22:28:50.301, 0, 238.30, 0, 33, 248264
2026/06/09 22:28:50.301, 1, 236.71, 0, 33, 248264
2026/06/09 22:28:50.301, 2, 440.63, 100, 38, 246658
2026/06/09 22:28:50.301, 3, 441.48, 100, 38, 246658
2026/06/09 22:28:51.301, 0, 262.20, 26, 34, 248264
2026/06/09 22:28:51.301, 1, 259.38, 25, 34, 248264
2026/06/09 22:28:51.302, 2, 441.44, 100, 38, 246658
2026/06/09 22:28:51.303, 3, 443.10, 100, 38, 246658
2026/06/09 22:28:52.304, 0, 238.29, 0, 33, 248264
2026/06/09 22:28:52.305, 1, 236.30, 0, 33, 248264
2026/06/09 22:28:52.306, 2, 443.23, 100, 38, 246658
2026/06/09 22:28:52.307, 3, 444.21, 100, 38, 246658
2026/06/09 22:28:53.308, 0, 238.14, 0, 33, 248264
2026/06/09 22:28:53.311, 1, 236.44, 0, 33, 248264
2026/06/09 22:28:53.312, 2, 440.81, 100, 38, 246658
2026/06/09 22:28:53.313, 3, 440.85, 100, 38, 246658
2026/06/09 22:28:54.314, 0, 276.05, 0, 34, 248264
2026/06/09 22:28:54.315, 1, 252.29, 0, 33, 248264
2026/06/09 22:28:54.316, 2, 442.75, 100, 38, 246658
2026/06/09 22:28:54.317, 3, 442.04, 100, 38, 246658
2026/06/09 22:28:55.318, 0, 245.03, 0, 33, 248264
2026/06/09 22:28:55.319, 1, 236.24, 0, 33, 248264
2026/06/09 22:28:55.320, 2, 442.34, 100, 38, 246658
2026/06/09 22:28:55.321, 3, 445.20, 100, 38, 246658
2026/06/09 22:28:56.322, 0, 248.74, 0, 33, 248264
2026/06/09 22:28:56.323, 1, 270.67, 0, 33, 248264
2026/06/09 22:28:56.324, 2, 442.07, 100, 38, 246658
2026/06/09 22:28:56.325, 3, 443.25, 100, 38, 246658
2026/06/09 22:28:57.326, 0, 238.14, 0, 33, 248264
2026/06/09 22:28:57.326, 1, 236.42, 0, 33, 248264
2026/06/09 22:28:57.326, 2, 438.70, 100, 38, 246658
2026/06/09 22:28:57.326, 3, 441.53, 100, 38, 246658
2026/06/09 22:28:58.326, 0, 238.14, 0, 33, 248264
2026/06/09 22:28:58.326, 1, 236.65, 0, 33, 248264
2026/06/09 22:28:58.327, 2, 440.35, 100, 38, 246658
2026/06/09 22:28:58.327, 3, 441.97, 100, 38, 246658
2026/06/09 22:28:59.327, 0, 260.21, 0, 33, 248264
2026/06/09 22:28:59.327, 1, 246.06, 0, 33, 248264
2026/06/09 22:28:59.327, 2, 441.81, 100, 38, 246658
2026/06/09 22:28:59.327, 3, 441.95, 100, 38, 246658
2026/06/09 22:29:00.327, 0, 263.84, 0, 34, 248264
2026/06/09 22:29:00.327, 1, 249.97, 0, 33, 248264
2026/06/09 22:29:00.327, 2, 442.54, 100, 38, 246658
2026/06/09 22:29:00.327, 3, 440.82, 100, 38, 246658
2026/06/09 22:29:01.327, 0, 238.22, 0, 33, 248264
2026/06/09 22:29:01.327, 1, 236.00, 0, 33, 248264
2026/06/09 22:29:01.327, 2, 442.19, 100, 38, 246658
2026/06/09 22:29:01.327, 3, 442.98, 100, 38, 246658
2026/06/09 22:29:02.327, 0, 275.78, 0, 34, 248264
2026/06/09 22:29:02.328, 1, 249.18, 0, 33, 248264
2026/06/09 22:29:02.328, 2, 440.35, 100, 38, 246658
2026/06/09 22:29:02.328, 3, 442.22, 100, 38, 246658
2026/06/09 22:29:03.328, 0, 257.84, 10, 34, 248264
2026/06/09 22:29:03.328, 1, 253.05, 0, 35, 248264
2026/06/09 22:29:03.328, 2, 440.54, 100, 38, 246658
2026/06/09 22:29:03.328, 3, 438.21, 98, 38, 246658
2026/06/09 22:29:04.328, 0, 238.30, 0, 33, 248264
2026/06/09 22:29:04.328, 1, 236.96, 0, 33, 248264
2026/06/09 22:29:04.328, 2, 441.38, 100, 38, 246658
2026/06/09 22:29:04.328, 3, 440.67, 100, 38, 246658
2026/06/09 22:29:05.328, 0, 238.30, 0, 33, 248264
2026/06/09 22:29:05.329, 1, 236.35, 0, 33, 248264
2026/06/09 22:29:05.329, 2, 441.08, 100, 38, 246658
2026/06/09 22:29:05.329, 3, 442.53, 100, 38, 246658
2026/06/09 22:29:06.329, 0, 238.14, 0, 33, 248264
2026/06/09 22:29:06.329, 1, 236.40, 0, 33, 248264
2026/06/09 22:29:06.329, 2, 439.30, 100, 38, 246658
2026/06/09 22:29:06.329, 3, 438.06, 100, 38, 246658
2026/06/09 22:29:07.329, 0, 276.52, 80, 34, 248264
2026/06/09 22:29:07.330, 1, 251.38, 27, 34, 248264
2026/06/09 22:29:07.330, 2, 440.37, 100, 38, 246658
2026/06/09 22:29:07.330, 3, 441.20, 100, 38, 246658
2026/06/09 22:29:08.330, 0, 261.60, 21, 34, 248264
2026/06/09 22:29:08.330, 1, 252.53, 22, 33, 248264
2026/06/09 22:29:08.330, 2, 440.62, 100, 38, 246658
2026/06/09 22:29:08.330, 3, 443.11, 100, 38, 246658
2026/06/09 22:29:09.330, 0, 276.13, 0, 34, 248264
2026/06/09 22:29:09.330, 1, 250.13, 0, 33, 248264
2026/06/09 22:29:09.330, 2, 438.85, 100, 38, 246658
2026/06/09 22:29:09.330, 3, 441.55, 100, 38, 246658
2026/06/09 22:29:10.330, 0, 238.14, 0, 33, 248264
2026/06/09 22:29:10.331, 1, 236.47, 0, 33, 248264
2026/06/09 22:29:10.331, 2, 441.24, 100, 38, 246658
2026/06/09 22:29:10.331, 3, 443.40, 100, 38, 246658
2026/06/09 22:29:11.331, 0, 238.14, 0, 33, 248264
2026/06/09 22:29:11.331, 1, 236.13, 0, 33, 248264
2026/06/09 22:29:11.331, 2, 441.50, 100, 38, 246658
2026/06/09 22:29:11.331, 3, 445.47, 100, 38, 246658
2026/06/09 22:29:12.331, 0, 238.14, 0, 33, 248264
2026/06/09 22:29:12.331, 1, 235.71, 0, 33, 248264
2026/06/09 22:29:12.331, 2, 442.58, 100, 38, 246658
2026/06/09 22:29:12.331, 3, 445.61, 100, 38, 246658
2026/06/09 22:29:13.331, 0, 238.14, 0, 33, 248264
2026/06/09 22:29:13.331, 1, 235.14, 0, 33, 248264
2026/06/09 22:29:13.332, 2, 443.44, 100, 38, 246658
2026/06/09 22:29:13.332, 3, 445.77, 100, 38, 246658
2026/06/09 22:29:14.332, 0, 284.88, 0, 36, 248264
2026/06/09 22:29:14.332, 1, 266.97, 0, 34, 248264
2026/06/09 22:29:14.332, 2, 439.63, 100, 38, 246658
2026/06/09 22:29:14.332, 3, 441.34, 100, 38, 246658
2026/06/09 22:29:15.332, 0, 276.32, 0, 34, 248264
2026/06/09 22:29:15.332, 1, 285.14, 0, 33, 248264
2026/06/09 22:29:15.332, 2, 441.68, 100, 38, 246658
2026/06/09 22:29:15.332, 3, 442.82, 100, 38, 246658
2026/06/09 22:29:16.332, 0, 238.14, 0, 33, 248264
2026/06/09 22:29:16.333, 1, 237.16, 0, 33, 248264
2026/06/09 22:29:16.333, 2, 438.97, 100, 38, 246658
2026/06/09 22:29:16.333, 3, 438.23, 100, 38, 246658
2026/06/09 22:29:17.333, 0, 238.14, 0, 33, 248264
2026/06/09 22:29:17.333, 1, 236.19, 0, 33, 248264
2026/06/09 22:29:17.333, 2, 441.42, 100, 38, 246658
2026/06/09 22:29:17.333, 3, 443.39, 100, 38, 246658
2026/06/09 22:29:18.333, 0, 274.51, 0, 34, 248264
2026/06/09 22:29:18.333, 1, 251.30, 0, 33, 248264
2026/06/09 22:29:18.333, 2, 444.00, 100, 38, 246658
2026/06/09 22:29:18.333, 3, 445.61, 100, 38, 246658
2026/06/09 22:29:19.333, 0, 238.22, 0, 33, 248264
2026/06/09 22:29:19.334, 1, 236.01, 0, 33, 248264
2026/06/09 22:29:19.334, 2, 443.55, 100, 38, 246658
2026/06/09 22:29:19.334, 3, 445.54, 100, 38, 246658
2026/06/09 22:29:20.334, 0, 238.22, 0, 33, 248264
2026/06/09 22:29:20.334, 1, 235.81, 0, 33, 248264
2026/06/09 22:29:20.334, 2, 445.28, 100, 38, 246658
2026/06/09 22:29:20.334, 3, 446.58, 100, 38, 246658
2026/06/09 22:29:21.334, 0, 238.14, 0, 33, 248264
2026/06/09 22:29:21.334, 1, 236.24, 0, 33, 248264
2026/06/09 22:29:21.334, 2, 443.35, 100, 38, 246658
2026/06/09 22:29:21.334, 3, 444.09, 100, 38, 246658
2026/06/09 22:29:22.334, 0, 238.14, 0, 33, 248264
2026/06/09 22:29:22.336, 1, 235.76, 0, 33, 248264
2026/06/09 22:29:22.337, 2, 444.90, 100, 38, 246658
2026/06/09 22:29:22.338, 3, 446.14, 100, 38, 246658
2026/06/09 22:29:23.339, 0, 238.14, 0, 33, 248264
2026/06/09 22:29:23.340, 1, 235.97, 0, 33, 248264
2026/06/09 22:29:23.340, 2, 441.39, 100, 38, 246658
2026/06/09 22:29:23.341, 3, 443.02, 100, 38, 246658
2026/06/09 22:29:24.342, 0, 238.14, 0, 33, 248264
2026/06/09 22:29:24.343, 1, 235.68, 0, 33, 248264
2026/06/09 22:29:24.344, 2, 437.91, 100, 38, 246658
2026/06/09 22:29:24.345, 3, 441.15, 100, 38, 246658
2026/06/09 22:29:25.346, 0, 238.14, 0, 33, 248264
2026/06/09 22:29:25.347, 1, 235.81, 0, 33, 248264
2026/06/09 22:29:25.348, 2, 444.62, 100, 38, 246658
2026/06/09 22:29:25.349, 3, 443.47, 100, 38, 246658
2026/06/09 22:29:26.350, 0, 308.11, 0, 34, 248264
2026/06/09 22:29:26.351, 1, 267.29, 5, 34, 248264
2026/06/09 22:29:26.352, 2, 427.41, 100, 38, 246658
2026/06/09 22:29:26.353, 3, 430.37, 100, 38, 246658
2026/06/09 22:29:27.354, 0, 285.96, 0, 34, 248264
2026/06/09 22:29:27.355, 1, 263.28, 0, 33, 248264
2026/06/09 22:29:27.355, 2, 438.87, 100, 38, 246658
2026/06/09 22:29:27.355, 3, 442.34, 100, 38, 246658
2026/06/09 22:29:28.355, 0, 238.22, 0, 33, 248264
2026/06/09 22:29:28.355, 1, 236.27, 0, 33, 248264
2026/06/09 22:29:28.355, 2, 441.61, 100, 38, 246658
2026/06/09 22:29:28.355, 3, 442.03, 100, 38, 246658
2026/06/09 22:29:29.355, 0, 238.14, 0, 33, 248264
2026/06/09 22:29:29.355, 1, 235.95, 0, 33, 248264
2026/06/09 22:29:29.355, 2, 439.34, 100, 38, 246658
2026/06/09 22:29:29.355, 3, 441.62, 100, 38, 246658
2026/06/09 22:29:30.355, 0, 238.14, 0, 33, 248264
2026/06/09 22:29:30.356, 1, 235.71, 0, 33, 248264
2026/06/09 22:29:30.356, 2, 440.58, 100, 38, 246658
2026/06/09 22:29:30.356, 3, 442.69, 100, 38, 246658
2026/06/09 22:29:31.356, 0, 238.14, 0, 33, 248264
2026/06/09 22:29:31.356, 1, 236.12, 0, 33, 248264
2026/06/09 22:29:31.356, 2, 441.00, 100, 38, 246658
2026/06/09 22:29:31.356, 3, 442.61, 100, 38, 246658
2026/06/09 22:29:32.356, 0, 238.14, 0, 33, 248264
2026/06/09 22:29:32.356, 1, 236.73, 0, 33, 248264
2026/06/09 22:29:32.356, 2, 438.27, 100, 38, 246658
2026/06/09 22:29:32.356, 3, 441.32, 100, 38, 246658
2026/06/09 22:29:33.356, 0, 238.14, 0, 33, 248264
2026/06/09 22:29:33.356, 1, 235.75, 0, 33, 248264
2026/06/09 22:29:33.357, 2, 441.47, 100, 38, 246658
2026/06/09 22:29:33.357, 3, 441.21, 100, 38, 246658
2026/06/09 22:29:34.357, 0, 238.14, 0, 33, 248264
2026/06/09 22:29:34.357, 1, 236.51, 0, 33, 248264
2026/06/09 22:29:34.357, 2, 442.86, 100, 38, 246658
2026/06/09 22:29:34.357, 3, 443.11, 100, 38, 246658
2026/06/09 22:29:35.357, 0, 318.33, 0, 36, 248264
2026/06/09 22:29:35.357, 1, 265.44, 29, 35, 248264
2026/06/09 22:29:35.357, 2, 441.56, 100, 38, 246658
2026/06/09 22:29:35.357, 3, 442.48, 100, 38, 246658
2026/06/09 22:29:36.357, 0, 249.21, 0, 34, 248264
2026/06/09 22:29:36.357, 1, 236.94, 0, 33, 248264
2026/06/09 22:29:36.357, 2, 442.33, 100, 38, 246658
2026/06/09 22:29:36.357, 3, 443.28, 100, 38, 246658
2026/06/09 22:29:37.358, 0, 238.22, 0, 33, 248264
2026/06/09 22:29:37.358, 1, 236.55, 0, 33, 248264
2026/06/09 22:29:37.358, 2, 442.11, 100, 38, 246658
2026/06/09 22:29:37.358, 3, 442.29, 100, 38, 246658
2026/06/09 22:29:38.358, 0, 238.22, 0, 33, 248264
2026/06/09 22:29:38.358, 1, 236.05, 0, 33, 248264
2026/06/09 22:29:38.358, 2, 438.67, 100, 38, 246658
2026/06/09 22:29:38.358, 3, 436.24, 100, 38, 246658
2026/06/09 22:29:39.358, 0, 238.14, 0, 33, 248264
2026/06/09 22:29:39.358, 1, 236.00, 0, 33, 248264
2026/06/09 22:29:39.358, 2, 439.91, 100, 38, 246658
2026/06/09 22:29:39.358, 3, 439.37, 100, 38, 246658
2026/06/09 22:29:40.358, 0, 238.14, 0, 33, 248264
2026/06/09 22:29:40.359, 1, 235.78, 0, 33, 248264
2026/06/09 22:29:40.359, 2, 440.85, 100, 38, 246658
2026/06/09 22:29:40.359, 3, 442.67, 100, 38, 246658
2026/06/09 22:29:41.359, 0, 238.22, 0, 33, 248264
2026/06/09 22:29:41.359, 1, 235.58, 0, 33, 248264
2026/06/09 22:29:41.359, 2, 439.81, 100, 38, 246658
2026/06/09 22:29:41.359, 3, 443.85, 100, 38, 246658
2026/06/09 22:29:42.359, 0, 238.37, 0, 33, 248264
2026/06/09 22:29:42.359, 1, 235.92, 0, 33, 248264
2026/06/09 22:29:42.359, 2, 440.73, 100, 38, 246658
2026/06/09 22:29:42.359, 3, 439.90, 100, 38, 246658
2026/06/09 22:29:43.359, 0, 268.35, 0, 34, 248264
2026/06/09 22:29:43.360, 1, 309.72, 0, 34, 248264
2026/06/09 22:29:43.360, 2, 441.41, 100, 38, 246658
2026/06/09 22:29:43.360, 3, 442.76, 100, 38, 246658
2026/06/09 22:29:44.360, 0, 238.14, 0, 33, 248264
2026/06/09 22:29:44.360, 1, 237.23, 0, 33, 248264
2026/06/09 22:29:44.360, 2, 445.00, 100, 38, 246658
2026/06/09 22:29:44.360, 3, 446.23, 100, 38, 246658
2026/06/09 22:29:45.360, 0, 238.14, 0, 33, 248264
2026/06/09 22:29:45.360, 1, 236.50, 0, 33, 248264
2026/06/09 22:29:45.360, 2, 444.08, 100, 38, 246658
2026/06/09 22:29:45.360, 3, 444.72, 100, 38, 246658
2026/06/09 22:29:46.361, 0, 238.14, 0, 33, 248264
2026/06/09 22:29:46.361, 1, 236.17, 0, 33, 248264
2026/06/09 22:29:46.361, 2, 442.58, 100, 38, 246658
2026/06/09 22:29:46.361, 3, 443.22, 100, 38, 246658
2026/06/09 22:29:47.361, 0, 238.14, 0, 33, 248264
2026/06/09 22:29:47.361, 1, 235.99, 0, 33, 248264
2026/06/09 22:29:47.361, 2, 443.71, 100, 38, 246658
2026/06/09 22:29:47.361, 3, 445.00, 100, 38, 246658
2026/06/09 22:29:48.361, 0, 238.14, 0, 33, 248264
2026/06/09 22:29:48.361, 1, 235.89, 0, 33, 248264
2026/06/09 22:29:48.361, 2, 446.79, 100, 38, 246658
2026/06/09 22:29:48.361, 3, 445.73, 100, 38, 246658
2026/06/09 22:29:49.361, 0, 238.14, 0, 33, 248264
2026/06/09 22:29:49.362, 1, 236.36, 0, 33, 248264
2026/06/09 22:29:49.362, 2, 445.76, 100, 38, 246658
2026/06/09 22:29:49.362, 3, 447.44, 100, 38, 246658
2026/06/09 22:29:50.362, 0, 243.12, 0, 33, 248264
2026/06/09 22:29:50.362, 1, 244.61, 4, 34, 248264
2026/06/09 22:29:50.362, 2, 444.01, 100, 38, 246658
2026/06/09 22:29:50.362, 3, 443.92, 100, 38, 246658
2026/06/09 22:29:51.362, 0, 312.99, 0, 38, 248264
2026/06/09 22:29:51.362, 1, 260.64, 7, 34, 248264
2026/06/09 22:29:51.362, 2, 444.31, 98, 38, 246658
2026/06/09 22:29:51.362, 3, 444.92, 97, 38, 246658
2026/06/09 22:29:52.363, 0, 238.76, 0, 34, 248264
2026/06/09 22:29:52.364, 1, 236.95, 0, 33, 248264
2026/06/09 22:29:52.365, 2, 445.14, 100, 38, 246658
2026/06/09 22:29:52.366, 3, 446.39, 100, 38, 246658
2026/06/09 22:29:53.367, 0, 238.14, 0, 33, 248264
2026/06/09 22:29:53.367, 1, 236.91, 0, 33, 248264
2026/06/09 22:29:53.368, 2, 444.02, 100, 38, 246658
2026/06/09 22:29:53.369, 3, 445.50, 100, 38, 246658
2026/06/09 22:29:54.370, 0, 260.19, 0, 34, 248264
2026/06/09 22:29:54.371, 1, 258.38, 0, 34, 248264
2026/06/09 22:29:54.372, 2, 442.56, 100, 38, 246658
2026/06/09 22:29:54.373, 3, 444.52, 100, 38, 246658
2026/06/09 22:29:55.374, 0, 238.22, 0, 33, 248264
2026/06/09 22:29:55.375, 1, 236.22, 0, 33, 248264
2026/06/09 22:29:55.376, 2, 445.16, 100, 38, 246658
2026/06/09 22:29:55.377, 3, 446.49, 100, 38, 246658
2026/06/09 22:29:56.378, 0, 238.14, 0, 33, 248264
2026/06/09 22:29:56.379, 1, 236.48, 0, 33, 248264
2026/06/09 22:29:56.380, 2, 443.10, 100, 38, 246658
2026/06/09 22:29:56.381, 3, 444.39, 100, 38, 246658
2026/06/09 22:29:57.382, 0, 238.14, 0, 33, 248264
2026/06/09 22:29:57.382, 1, 236.25, 0, 33, 248264
2026/06/09 22:29:57.382, 2, 442.25, 100, 38, 246658
2026/06/09 22:29:57.382, 3, 443.48, 100, 38, 246658
2026/06/09 22:29:58.382, 0, 238.14, 0, 33, 248264
2026/06/09 22:29:58.382, 1, 236.85, 0, 33, 248264
2026/06/09 22:29:58.382, 2, 445.01, 100, 38, 246658
2026/06/09 22:29:58.382, 3, 445.02, 100, 38, 246658
2026/06/09 22:29:59.382, 0, 276.75, 0, 34, 248264
2026/06/09 22:29:59.382, 1, 252.12, 0, 33, 248264
2026/06/09 22:29:59.383, 2, 444.02, 100, 38, 246658
2026/06/09 22:29:59.383, 3, 444.91, 100, 38, 246658
2026/06/09 22:30:00.383, 0, 263.74, 0, 34, 248264
2026/06/09 22:30:00.383, 1, 247.24, 0, 33, 248264
2026/06/09 22:30:00.383, 2, 444.91, 100, 38, 246658
2026/06/09 22:30:00.383, 3, 445.23, 100, 38, 246658
2026/06/09 22:30:01.383, 0, 251.87, 0, 34, 248264
2026/06/09 22:30:01.383, 1, 262.98, 0, 34, 248264
2026/06/09 22:30:01.383, 2, 444.99, 100, 38, 246658
2026/06/09 22:30:01.383, 3, 444.20, 100, 38, 246658
2026/06/09 22:30:02.383, 0, 238.14, 0, 33, 248264
2026/06/09 22:30:02.383, 1, 236.49, 0, 33, 248264
2026/06/09 22:30:02.383, 2, 443.96, 100, 38, 246658
2026/06/09 22:30:02.383, 3, 444.37, 100, 38, 246658
2026/06/09 22:30:03.384, 0, 238.14, 0, 33, 248264
2026/06/09 22:30:03.384, 1, 236.46, 0, 33, 248264
2026/06/09 22:30:03.384, 2, 444.13, 100, 38, 246658
2026/06/09 22:30:03.384, 3, 445.84, 100, 38, 246658
2026/06/09 22:30:04.384, 0, 238.14, 0, 33, 248264
2026/06/09 22:30:04.384, 1, 236.45, 0, 33, 248264
2026/06/09 22:30:04.384, 2, 446.29, 100, 38, 246658
2026/06/09 22:30:04.384, 3, 446.91, 100, 38, 246658
2026/06/09 22:30:05.384, 0, 238.14, 0, 33, 248264
2026/06/09 22:30:05.384, 1, 236.48, 0, 33, 248264
2026/06/09 22:30:05.384, 2, 446.29, 100, 38, 246658
2026/06/09 22:30:05.384, 3, 446.23, 100, 38, 246658
2026/06/09 22:30:06.384, 0, 238.22, 0, 33, 248264
2026/06/09 22:30:06.385, 1, 236.28, 0, 33, 248264
2026/06/09 22:30:06.385, 2, 447.07, 100, 38, 246658
2026/06/09 22:30:06.385, 3, 447.43, 100, 38, 246658
2026/06/09 22:30:07.385, 0, 275.64, 0, 34, 248264
2026/06/09 22:30:07.385, 1, 250.59, 0, 33, 248264
2026/06/09 22:30:07.385, 2, 444.68, 100, 38, 246658
2026/06/09 22:30:07.385, 3, 447.23, 100, 38, 246658
2026/06/09 22:30:08.385, 0, 239.97, 0, 33, 248264
2026/06/09 22:30:08.385, 1, 237.96, 0, 33, 248264
2026/06/09 22:30:08.385, 2, 445.61, 100, 38, 246658
2026/06/09 22:30:08.385, 3, 446.41, 100, 38, 246658
2026/06/09 22:30:09.385, 0, 238.14, 0, 33, 248264
2026/06/09 22:30:09.386, 1, 236.82, 0, 33, 248264
2026/06/09 22:30:09.386, 2, 447.94, 100, 38, 246658
2026/06/09 22:30:09.386, 3, 447.11, 100, 39, 246658
2026/06/09 22:30:10.386, 0, 238.22, 0, 33, 248264
2026/06/09 22:30:10.386, 1, 236.40, 0, 33, 248264
2026/06/09 22:30:10.386, 2, 445.55, 100, 38, 246658
2026/06/09 22:30:10.386, 3, 448.14, 100, 39, 246658
2026/06/09 22:30:11.386, 0, 253.45, 0, 34, 248264
2026/06/09 22:30:11.386, 1, 247.22, 0, 33, 248264
2026/06/09 22:30:11.386, 2, 445.65, 100, 38, 246658
2026/06/09 22:30:11.386, 3, 445.72, 100, 38, 246658
2026/06/09 22:30:12.386, 0, 288.67, 0, 34, 248264
2026/06/09 22:30:12.386, 1, 269.67, 0, 34, 248264
2026/06/09 22:30:12.387, 2, 445.12, 100, 38, 246658
2026/06/09 22:30:12.387, 3, 444.92, 100, 38, 246658
2026/06/09 22:30:13.387, 0, 238.53, 0, 34, 248264
2026/06/09 22:30:13.387, 1, 236.90, 0, 33, 248264
2026/06/09 22:30:13.387, 2, 445.89, 100, 38, 246658
2026/06/09 22:30:13.387, 3, 446.49, 100, 38, 246658
2026/06/09 22:30:14.387, 0, 238.14, 0, 33, 248264
2026/06/09 22:30:14.387, 1, 236.70, 0, 33, 248264
2026/06/09 22:30:14.387, 2, 446.04, 100, 38, 246658
2026/06/09 22:30:14.387, 3, 446.04, 100, 38, 246658
2026/06/09 22:30:15.387, 0, 238.14, 0, 33, 248264
2026/06/09 22:30:15.388, 1, 236.53, 0, 33, 248264
2026/06/09 22:30:15.388, 2, 445.72, 100, 38, 246658
2026/06/09 22:30:15.388, 3, 445.43, 100, 38, 246658
2026/06/09 22:30:16.388, 0, 289.11, 0, 34, 248264
2026/06/09 22:30:16.388, 1, 284.68, 0, 34, 248264
2026/06/09 22:30:16.388, 2, 441.62, 100, 38, 246658
2026/06/09 22:30:16.388, 3, 443.12, 100, 38, 246658
2026/06/09 22:30:17.388, 0, 238.52, 0, 34, 248264
2026/06/09 22:30:17.388, 1, 237.23, 0, 34, 248264
2026/06/09 22:30:17.388, 2, 444.22, 100, 38, 246658
2026/06/09 22:30:17.388, 3, 443.54, 100, 39, 246658
2026/06/09 22:30:18.388, 0, 238.29, 0, 34, 248264
2026/06/09 22:30:18.389, 1, 237.18, 0, 33, 248264
2026/06/09 22:30:18.389, 2, 444.58, 100, 38, 246658
2026/06/09 22:30:18.389, 3, 446.32, 100, 39, 246658
2026/06/09 22:30:19.389, 0, 238.22, 0, 33, 248264
2026/06/09 22:30:19.389, 1, 236.68, 0, 33, 248264
2026/06/09 22:30:19.389, 2, 445.40, 100, 38, 246658
2026/06/09 22:30:19.389, 3, 445.71, 100, 39, 246658
2026/06/09 22:30:20.389, 0, 262.33, 0, 34, 248264
2026/06/09 22:30:20.389, 1, 248.53, 0, 34, 248264
2026/06/09 22:30:20.390, 2, 444.29, 100, 38, 246658
2026/06/09 22:30:20.390, 3, 445.21, 100, 39, 246658
2026/06/09 22:30:21.390, 0, 259.42, 0, 34, 248264
2026/06/09 22:30:21.390, 1, 246.25, 0, 34, 248264
2026/06/09 22:30:21.390, 2, 445.05, 100, 38, 246658
2026/06/09 22:30:21.390, 3, 445.52, 100, 39, 246658
2026/06/09 22:30:22.390, 0, 238.14, 0, 34, 248264
2026/06/09 22:30:22.390, 1, 237.00, 0, 33, 248264
2026/06/09 22:30:22.390, 2, 442.59, 100, 38, 246658
2026/06/09 22:30:22.390, 3, 446.55, 100, 39, 246658
2026/06/09 22:30:23.390, 0, 277.45, 0, 34, 248264
2026/06/09 22:30:23.392, 1, 255.30, 0, 34, 248264
2026/06/09 22:30:23.393, 2, 445.04, 100, 38, 246658
2026/06/09 22:30:23.394, 3, 447.61, 100, 39, 246658
2026/06/09 22:30:24.395, 0, 262.19, 0, 34, 248264
2026/06/09 22:30:24.395, 1, 246.45, 0, 34, 248264
2026/06/09 22:30:24.396, 2, 441.92, 100, 38, 246658
2026/06/09 22:30:24.397, 3, 443.38, 100, 39, 246658
2026/06/09 22:30:25.398, 0, 270.56, 0, 35, 248264
2026/06/09 22:30:25.399, 1, 266.76, 6, 34, 248264
2026/06/09 22:30:25.400, 2, 438.97, 100, 38, 246658
2026/06/09 22:30:25.402, 3, 442.40, 100, 39, 246658
2026/06/09 22:30:26.403, 0, 254.04, 0, 34, 248264
2026/06/09 22:30:26.403, 1, 246.90, 0, 34, 248264
2026/06/09 22:30:26.404, 2, 441.53, 100, 38, 246658
2026/06/09 22:30:26.405, 3, 442.89, 100, 39, 246658
2026/06/09 22:30:27.406, 0, 238.39, 0, 34, 248264
2026/06/09 22:30:27.406, 1, 237.16, 0, 34, 248264
2026/06/09 22:30:27.406, 2, 440.61, 100, 38, 246658
2026/06/09 22:30:27.406, 3, 442.72, 100, 39, 246658
2026/06/09 22:30:28.407, 0, 238.22, 0, 34, 248264
2026/06/09 22:30:28.407, 1, 237.12, 0, 33, 248264
2026/06/09 22:30:28.407, 2, 441.03, 100, 38, 246658
2026/06/09 22:30:28.407, 3, 444.01, 100, 39, 246658
2026/06/09 22:30:29.407, 0, 238.22, 0, 34, 248264
2026/06/09 22:30:29.407, 1, 237.32, 0, 33, 248264
2026/06/09 22:30:29.407, 2, 441.98, 100, 38, 246658
2026/06/09 22:30:29.407, 3, 443.70, 100, 39, 246658
2026/06/09 22:30:30.407, 0, 238.14, 0, 34, 248264
2026/06/09 22:30:30.407, 1, 236.84, 0, 33, 248264
2026/06/09 22:30:30.407, 2, 441.61, 100, 38, 246658
2026/06/09 22:30:30.407, 3, 443.07, 100, 38, 246658
2026/06/09 22:30:31.407, 0, 238.37, 0, 34, 248264
2026/06/09 22:30:31.408, 1, 237.14, 0, 33, 248264
2026/06/09 22:30:31.408, 2, 440.21, 100, 38, 246658
2026/06/09 22:30:31.408, 3, 439.03, 100, 38, 246658
2026/06/09 22:30:32.408, 0, 238.30, 0, 34, 248264
2026/06/09 22:30:32.408, 1, 236.80, 0, 33, 248264
2026/06/09 22:30:32.408, 2, 443.52, 100, 38, 246658
2026/06/09 22:30:32.408, 3, 441.66, 100, 38, 246658
2026/06/09 22:30:33.408, 0, 238.45, 0, 34, 248264
2026/06/09 22:30:33.408, 1, 236.97, 0, 33, 248264
2026/06/09 22:30:33.408, 2, 439.91, 100, 38, 246658
2026/06/09 22:30:33.408, 3, 439.95, 100, 38, 246658
2026/06/09 22:30:34.408, 0, 238.22, 0, 34, 248264
2026/06/09 22:30:34.408, 1, 236.94, 0, 33, 248264
2026/06/09 22:30:34.409, 2, 439.83, 100, 38, 246658
2026/06/09 22:30:34.409, 3, 439.64, 100, 38, 246658
2026/06/09 22:30:35.409, 0, 238.22, 0, 34, 248264
2026/06/09 22:30:35.409, 1, 236.53, 0, 33, 248264
2026/06/09 22:30:35.409, 2, 443.61, 100, 38, 246658
2026/06/09 22:30:35.409, 3, 444.50, 100, 39, 246658
2026/06/09 22:30:36.409, 0, 256.10, 0, 34, 248264
2026/06/09 22:30:36.409, 1, 254.85, 0, 34, 248264
2026/06/09 22:30:36.409, 2, 442.66, 100, 38, 246658
2026/06/09 22:30:36.409, 3, 443.90, 100, 39, 246658
2026/06/09 22:30:37.409, 0, 279.28, 0, 34, 248264
2026/06/09 22:30:37.409, 1, 253.38, 0, 34, 248264
2026/06/09 22:30:37.410, 2, 440.21, 100, 38, 246658
2026/06/09 22:30:37.410, 3, 442.38, 98, 39, 246658
2026/06/09 22:30:38.410, 0, 239.12, 0, 34, 248264
2026/06/09 22:30:38.410, 1, 237.08, 0, 34, 248264
2026/06/09 22:30:38.410, 2, 442.52, 100, 38, 246658
2026/06/09 22:30:38.410, 3, 440.90, 100, 39, 246658
2026/06/09 22:30:39.410, 0, 238.14, 0, 34, 248264
2026/06/09 22:30:39.410, 1, 237.38, 0, 34, 248264
2026/06/09 22:30:39.410, 2, 443.36, 100, 38, 246658
2026/06/09 22:30:39.410, 3, 443.25, 100, 39, 246658
2026/06/09 22:30:40.410, 0, 238.30, 0, 34, 248264
2026/06/09 22:30:40.410, 1, 237.13, 0, 34, 248264
2026/06/09 22:30:40.410, 2, 441.16, 100, 38, 246658
2026/06/09 22:30:40.410, 3, 442.76, 100, 39, 246658
2026/06/09 22:30:41.411, 0, 259.55, 0, 35, 248264
2026/06/09 22:30:41.411, 1, 268.40, 3, 34, 248264
2026/06/09 22:30:41.411, 2, 439.88, 100, 38, 246658
2026/06/09 22:30:41.411, 3, 439.74, 100, 39, 246658
2026/06/09 22:30:42.411, 0, 247.51, 0, 34, 248264
2026/06/09 22:30:42.411, 1, 252.49, 0, 34, 248264
2026/06/09 22:30:42.411, 2, 443.96, 100, 38, 246658
2026/06/09 22:30:42.411, 3, 445.26, 100, 39, 246658
2026/06/09 22:30:43.411, 0, 238.29, 0, 34, 248264
2026/06/09 22:30:43.411, 1, 237.28, 0, 34, 248264
2026/06/09 22:30:43.411, 2, 443.43, 100, 38, 246658
2026/06/09 22:30:43.411, 3, 446.60, 100, 39, 246658
2026/06/09 22:30:44.412, 0, 238.38, 0, 34, 248264
2026/06/09 22:30:44.412, 1, 237.21, 0, 34, 248264
2026/06/09 22:30:44.412, 2, 443.97, 100, 38, 246658
2026/06/09 22:30:44.412, 3, 446.14, 100, 39, 246658
2026/06/09 22:30:45.412, 0, 238.37, 0, 34, 248264
2026/06/09 22:30:45.412, 1, 237.29, 0, 34, 248264
2026/06/09 22:30:45.412, 2, 441.64, 100, 38, 246658
2026/06/09 22:30:45.412, 3, 441.22, 100, 39, 246658
2026/06/09 22:30:46.412, 0, 238.14, 0, 34, 248264
2026/06/09 22:30:46.412, 1, 237.17, 0, 34, 248264
2026/06/09 22:30:46.412, 2, 439.78, 100, 38, 246658
2026/06/09 22:30:46.412, 3, 443.82, 100, 39, 246658
2026/06/09 22:30:47.412, 0, 238.29, 0, 34, 248264
2026/06/09 22:30:47.413, 1, 237.35, 0, 34, 248264
2026/06/09 22:30:47.413, 2, 444.07, 100, 38, 246658
2026/06/09 22:30:47.413, 3, 441.17, 100, 39, 246658
2026/06/09 22:30:48.413, 0, 257.98, 0, 34, 248264
2026/06/09 22:30:48.413, 1, 253.84, 0, 34, 248264
2026/06/09 22:30:48.413, 2, 445.87, 100, 38, 246658
2026/06/09 22:30:48.413, 3, 445.49, 100, 39, 246658
2026/06/09 22:30:49.413, 0, 238.60, 0, 34, 248264
2026/06/09 22:30:49.413, 1, 237.45, 0, 34, 248264
2026/06/09 22:30:49.413, 2, 445.82, 100, 38, 246658
2026/06/09 22:30:49.413, 3, 447.08, 100, 39, 246658
2026/06/09 22:30:50.413, 0, 238.38, 0, 34, 248264
2026/06/09 22:30:50.414, 1, 236.99, 0, 34, 248264
2026/06/09 22:30:50.414, 2, 445.69, 100, 39, 246658
2026/06/09 22:30:50.414, 3, 446.70, 100, 39, 246658
2026/06/09 22:30:51.414, 0, 238.53, 0, 34, 248264
2026/06/09 22:30:51.414, 1, 237.04, 0, 34, 248264
2026/06/09 22:30:51.414, 2, 446.48, 100, 39, 246658
2026/06/09 22:30:51.414, 3, 446.71, 100, 39, 246658
2026/06/09 22:30:52.414, 0, 238.14, 0, 34, 248264
2026/06/09 22:30:52.414, 1, 237.30, 0, 34, 248264
2026/06/09 22:30:52.414, 2, 443.27, 100, 39, 246658
2026/06/09 22:30:52.415, 3, 444.84, 100, 39, 246658
2026/06/09 22:30:53.417, 0, 238.14, 0, 34, 248264
2026/06/09 22:30:53.417, 1, 236.73, 0, 34, 248264
2026/06/09 22:30:53.418, 2, 443.95, 100, 39, 246658
2026/06/09 22:30:53.419, 3, 444.63, 100, 39, 246658
2026/06/09 22:30:54.420, 0, 238.14, 0, 34, 248264
2026/06/09 22:30:54.421, 1, 236.68, 0, 34, 248264
2026/06/09 22:30:54.422, 2, 445.69, 100, 39, 246658
2026/06/09 22:30:54.423, 3, 447.12, 100, 39, 246658
2026/06/09 22:30:55.424, 0, 255.52, 5, 34, 248264
2026/06/09 22:30:55.425, 1, 253.32, 50, 35, 248264
2026/06/09 22:30:55.425, 2, 446.14, 98, 38, 246658
2026/06/09 22:30:55.427, 3, 448.77, 100, 39, 246658
2026/06/09 22:30:56.428, 0, 238.89, 0, 34, 248264
2026/06/09 22:30:56.429, 1, 237.65, 0, 34, 248264
2026/06/09 22:30:56.429, 2, 446.35, 100, 39, 246658
2026/06/09 22:30:56.430, 3, 447.83, 100, 39, 246658
2026/06/09 22:30:57.431, 0, 238.21, 0, 34, 248264
2026/06/09 22:30:57.432, 1, 237.19, 0, 34, 248264
2026/06/09 22:30:57.432, 2, 446.98, 100, 39, 246658
2026/06/09 22:30:57.432, 3, 448.70, 100, 39, 246658
2026/06/09 22:30:58.432, 0, 280.11, 10, 34, 248264
2026/06/09 22:30:58.432, 1, 252.90, 0, 34, 248264
2026/06/09 22:30:58.432, 2, 445.43, 100, 38, 246658
2026/06/09 22:30:58.432, 3, 447.03, 98, 39, 246658
2026/06/09 22:30:59.432, 0, 239.05, 0, 34, 248264
2026/06/09 22:30:59.432, 1, 237.59, 0, 34, 248264
2026/06/09 22:30:59.432, 2, 444.49, 100, 38, 246658
2026/06/09 22:30:59.432, 3, 445.33, 100, 39, 246658
2026/06/09 22:31:00.432, 0, 280.52, 14, 35, 248264
2026/06/09 22:31:00.433, 1, 264.41, 29, 35, 248264
2026/06/09 22:31:00.433, 2, 442.77, 98, 38, 246658
2026/06/09 22:31:00.433, 3, 443.42, 100, 39, 246658
2026/06/09 22:31:01.433, 0, 238.78, 0, 34, 248264
2026/06/09 22:31:01.433, 1, 237.45, 0, 34, 248264
2026/06/09 22:31:01.433, 2, 445.12, 100, 38, 246658
2026/06/09 22:31:01.433, 3, 443.88, 100, 39, 246658
2026/06/09 22:31:02.433, 0, 238.14, 0, 34, 248264
2026/06/09 22:31:02.433, 1, 237.29, 0, 34, 248264
2026/06/09 22:31:02.433, 2, 443.61, 100, 38, 246658
2026/06/09 22:31:02.433, 3, 442.32, 100, 39, 246658
2026/06/09 22:31:03.433, 0, 238.14, 0, 34, 248264
2026/06/09 22:31:03.433, 1, 237.42, 0, 34, 248264
2026/06/09 22:31:03.433, 2, 444.71, 100, 38, 246658
2026/06/09 22:31:03.433, 3, 443.99, 100, 39, 246658
2026/06/09 22:31:04.434, 0, 238.14, 0, 34, 248264
2026/06/09 22:31:04.434, 1, 237.23, 0, 34, 248264
2026/06/09 22:31:04.434, 2, 444.05, 100, 38, 246658
2026/06/09 22:31:04.434, 3, 445.74, 100, 39, 246658
2026/06/09 22:31:05.434, 0, 250.62, 0, 34, 248264
2026/06/09 22:31:05.434, 1, 251.26, 0, 34, 248264
2026/06/09 22:31:05.434, 2, 442.59, 100, 38, 246658
2026/06/09 22:31:05.434, 3, 444.33, 100, 39, 246658
2026/06/09 22:31:06.434, 0, 253.85, 0, 36, 248264
2026/06/09 22:31:06.434, 1, 244.77, 1, 34, 248264
2026/06/09 22:31:06.434, 2, 444.15, 100, 38, 246658
2026/06/09 22:31:06.435, 3, 442.70, 100, 39, 246658
2026/06/09 22:31:07.435, 0, 267.47, 0, 34, 248264
2026/06/09 22:31:07.435, 1, 245.77, 0, 34, 248264
2026/06/09 22:31:07.435, 2, 444.18, 100, 38, 246658
2026/06/09 22:31:07.435, 3, 444.70, 100, 39, 246658
2026/06/09 22:31:08.435, 0, 239.53, 0, 34, 248264
2026/06/09 22:31:08.435, 1, 237.68, 0, 34, 248264
2026/06/09 22:31:08.435, 2, 444.61, 100, 38, 246658
2026/06/09 22:31:08.435, 3, 444.05, 100, 39, 246658
2026/06/09 22:31:09.435, 0, 238.22, 0, 34, 248264
2026/06/09 22:31:09.435, 1, 237.18, 0, 34, 248264
2026/06/09 22:31:09.435, 2, 444.26, 100, 39, 246658
2026/06/09 22:31:09.435, 3, 444.66, 100, 39, 246658
2026/06/09 22:31:10.436, 0, 238.30, 0, 34, 248264
2026/06/09 22:31:10.436, 1, 237.12, 0, 34, 248264
2026/06/09 22:31:10.436, 2, 448.45, 100, 39, 246658
2026/06/09 22:31:10.436, 3, 446.52, 100, 39, 246658
2026/06/09 22:31:11.436, 0, 238.14, 0, 34, 248264
2026/06/09 22:31:11.436, 1, 237.42, 0, 34, 248264
2026/06/09 22:31:11.436, 2, 449.48, 100, 39, 246658
2026/06/09 22:31:11.436, 3, 449.01, 100, 39, 246658
2026/06/09 22:31:12.436, 0, 238.14, 0, 34, 248264
2026/06/09 22:31:12.436, 1, 237.12, 0, 34, 248264
2026/06/09 22:31:12.436, 2, 449.57, 100, 39, 246658
2026/06/09 22:31:12.436, 3, 449.27, 100, 39, 246658
2026/06/09 22:31:13.436, 0, 238.14, 0, 34, 248264
2026/06/09 22:31:13.437, 1, 236.99, 0, 34, 248264
2026/06/09 22:31:13.437, 2, 448.27, 100, 39, 246658
2026/06/09 22:31:13.437, 3, 450.54, 100, 39, 246658
2026/06/09 22:31:14.437, 0, 238.22, 0, 34, 248264
2026/06/09 22:31:14.437, 1, 237.17, 0, 34, 248264
2026/06/09 22:31:14.437, 2, 445.26, 100, 39, 246658
2026/06/09 22:31:14.437, 3, 444.59, 100, 39, 246658
2026/06/09 22:31:15.437, 0, 238.14, 0, 34, 248264
2026/06/09 22:31:15.437, 1, 236.96, 0, 34, 248264
2026/06/09 22:31:15.437, 2, 444.81, 100, 39, 246658
2026/06/09 22:31:15.437, 3, 445.12, 100, 39, 246658
2026/06/09 22:31:16.437, 0, 238.14, 0, 34, 248264
2026/06/09 22:31:16.438, 1, 237.10, 0, 34, 248264
2026/06/09 22:31:16.438, 2, 446.10, 100, 39, 246658
2026/06/09 22:31:16.438, 3, 447.75, 100, 39, 246658
2026/06/09 22:31:17.438, 0, 238.22, 0, 34, 248264
2026/06/09 22:31:17.438, 1, 237.32, 0, 34, 248264
2026/06/09 22:31:17.438, 2, 446.99, 100, 39, 246658
2026/06/09 22:31:17.438, 3, 446.34, 100, 39, 246658
2026/06/09 22:31:18.438, 0, 238.21, 0, 34, 248264
2026/06/09 22:31:18.438, 1, 237.10, 0, 34, 248264
2026/06/09 22:31:18.438, 2, 445.29, 100, 39, 246658
2026/06/09 22:31:18.438, 3, 446.80, 100, 39, 246658
2026/06/09 22:31:19.439, 0, 257.93, 0, 34, 248264
2026/06/09 22:31:19.439, 1, 254.80, 0, 34, 248264
2026/06/09 22:31:19.439, 2, 444.88, 100, 39, 246658
2026/06/09 22:31:19.439, 3, 445.28, 100, 39, 246658
2026/06/09 22:31:20.439, 0, 238.14, 0, 34, 248264
2026/06/09 22:31:20.440, 1, 237.09, 0, 34, 248264
2026/06/09 22:31:20.440, 2, 446.14, 100, 39, 246658
2026/06/09 22:31:20.440, 3, 445.58, 100, 39, 246658
2026/06/09 22:31:21.440, 0, 259.55, 0, 34, 248264
2026/06/09 22:31:21.440, 1, 258.98, 0, 34, 248264
2026/06/09 22:31:21.440, 2, 447.48, 100, 39, 246658
2026/06/09 22:31:21.441, 3, 447.39, 100, 39, 246658
2026/06/09 22:31:22.443, 0, 238.62, 0, 34, 248264
2026/06/09 22:31:22.443, 1, 237.31, 0, 34, 248264
2026/06/09 22:31:22.444, 2, 447.64, 100, 39, 246658
2026/06/09 22:31:22.445, 3, 449.09, 100, 39, 246658
2026/06/09 22:31:23.446, 0, 238.22, 0, 34, 248264
2026/06/09 22:31:23.447, 1, 237.11, 0, 34, 248264
2026/06/09 22:31:23.448, 2, 448.45, 100, 39, 246658
2026/06/09 22:31:23.449, 3, 450.27, 100, 39, 246658
2026/06/09 22:31:24.456, 0, 238.22, 0, 34, 248264
2026/06/09 22:31:24.457, 1, 237.17, 0, 34, 248264
2026/06/09 22:31:24.457, 2, 448.98, 100, 39, 246658
2026/06/09 22:31:24.458, 3, 446.36, 100, 39, 246658
2026/06/09 22:31:25.460, 0, 238.23, 0, 34, 248264
2026/06/09 22:31:25.461, 1, 236.93, 0, 33, 248264
2026/06/09 22:31:25.461, 2, 448.67, 100, 39, 246658
2026/06/09 22:31:25.462, 3, 450.70, 100, 39, 246658
2026/06/09 22:31:26.463, 0, 238.22, 0, 33, 248264
2026/06/09 22:31:26.464, 1, 236.84, 0, 33, 248264
2026/06/09 22:31:26.465, 2, 446.35, 100, 38, 246658
2026/06/09 22:31:26.466, 3, 448.04, 100, 39, 246658
2026/06/09 22:31:27.467, 0, 238.22, 0, 33, 248264
2026/06/09 22:31:27.467, 1, 236.71, 0, 33, 248264
2026/06/09 22:31:27.467, 2, 446.47, 100, 38, 246658
2026/06/09 22:31:27.467, 3, 445.35, 100, 39, 246658
2026/06/09 22:31:28.467, 0, 238.14, 0, 33, 248264
2026/06/09 22:31:28.468, 1, 236.24, 0, 33, 248264
2026/06/09 22:31:28.468, 2, 444.89, 100, 38, 246658
2026/06/09 22:31:28.468, 3, 445.95, 100, 39, 246658
2026/06/09 22:31:29.468, 0, 238.14, 0, 33, 248264
2026/06/09 22:31:29.468, 1, 236.55, 0, 33, 248264
2026/06/09 22:31:29.468, 2, 448.92, 100, 38, 246658
2026/06/09 22:31:29.468, 3, 448.13, 100, 39, 246658
2026/06/09 22:31:30.468, 0, 238.14, 0, 33, 248264
2026/06/09 22:31:30.468, 1, 236.91, 0, 33, 248264
2026/06/09 22:31:30.468, 2, 450.89, 100, 38, 246658
2026/06/09 22:31:30.468, 3, 450.80, 100, 39, 246658
2026/06/09 22:31:31.468, 0, 238.14, 0, 33, 248264
2026/06/09 22:31:31.468, 1, 236.06, 0, 33, 248264
2026/06/09 22:31:31.468, 2, 451.18, 100, 38, 246658
2026/06/09 22:31:31.469, 3, 452.31, 100, 39, 246658
2026/06/09 22:31:32.469, 0, 238.14, 0, 33, 248264
2026/06/09 22:31:32.469, 1, 236.35, 0, 33, 248264
2026/06/09 22:31:32.469, 2, 451.46, 100, 38, 246658
2026/06/09 22:31:32.469, 3, 452.58, 100, 39, 246658
2026/06/09 22:31:33.469, 0, 238.14, 0, 33, 248264
2026/06/09 22:31:33.469, 1, 236.12, 0, 33, 248264
2026/06/09 22:31:33.469, 2, 450.96, 100, 38, 246658
2026/06/09 22:31:33.469, 3, 451.94, 100, 39, 246658
2026/06/09 22:31:34.469, 0, 238.14, 0, 33, 248264
2026/06/09 22:31:34.469, 1, 236.32, 0, 33, 248264
2026/06/09 22:31:34.469, 2, 450.36, 100, 38, 246658
2026/06/09 22:31:34.469, 3, 451.50, 100, 39, 246658
2026/06/09 22:31:35.470, 0, 238.14, 0, 33, 248264
2026/06/09 22:31:35.470, 1, 235.60, 0, 33, 248264
2026/06/09 22:31:35.470, 2, 451.25, 100, 38, 246658
2026/06/09 22:31:35.470, 3, 448.68, 100, 39, 246658
2026/06/09 22:31:36.470, 0, 255.52, 0, 33, 248264
2026/06/09 22:31:36.470, 1, 253.72, 0, 33, 248264
2026/06/09 22:31:36.470, 2, 451.35, 100, 38, 246658
2026/06/09 22:31:36.470, 3, 453.09, 100, 39, 246658
2026/06/09 22:31:37.470, 0, 238.21, 0, 33, 248264
2026/06/09 22:31:37.470, 1, 236.57, 0, 33, 248264
2026/06/09 22:31:37.470, 2, 452.32, 100, 38, 246658
2026/06/09 22:31:37.470, 3, 450.82, 100, 39, 246658
2026/06/09 22:31:38.470, 0, 238.14, 0, 33, 248264
2026/06/09 22:31:38.471, 1, 236.87, 0, 33, 248264
2026/06/09 22:31:38.471, 2, 451.23, 100, 38, 246658
2026/06/09 22:31:38.471, 3, 451.00, 100, 39, 246658
2026/06/09 22:31:39.471, 0, 255.44, 0, 34, 248264
2026/06/09 22:31:39.471, 1, 252.12, 0, 34, 248264
2026/06/09 22:31:39.471, 2, 448.60, 100, 38, 246658
2026/06/09 22:31:39.471, 3, 449.41, 100, 39, 246658
2026/06/09 22:31:40.471, 0, 238.14, 0, 33, 248264
2026/06/09 22:31:40.471, 1, 236.86, 0, 33, 248264
2026/06/09 22:31:40.471, 2, 448.88, 100, 38, 246658
2026/06/09 22:31:40.471, 3, 453.24, 100, 39, 246658
2026/06/09 22:31:41.471, 0, 260.91, 0, 34, 248264
2026/06/09 22:31:41.471, 1, 249.11, 0, 33, 248264
2026/06/09 22:31:41.471, 2, 450.73, 100, 38, 246658
2026/06/09 22:31:41.471, 3, 450.92, 100, 39, 246658
2026/06/09 22:31:42.472, 0, 238.14, 0, 33, 248264
2026/06/09 22:31:42.472, 1, 236.62, 0, 33, 248264
2026/06/09 22:31:42.472, 2, 450.49, 100, 38, 246658
2026/06/09 22:31:42.472, 3, 453.80, 100, 39, 246658
2026/06/09 22:31:43.472, 0, 238.22, 0, 33, 248264
2026/06/09 22:31:43.472, 1, 236.54, 0, 33, 248264
2026/06/09 22:31:43.472, 2, 452.94, 100, 38, 246658
2026/06/09 22:31:43.472, 3, 452.28, 100, 39, 246658
2026/06/09 22:31:44.472, 0, 258.27, 0, 33, 248264
2026/06/09 22:31:44.473, 1, 254.99, 0, 33, 248264
2026/06/09 22:31:44.473, 2, 450.40, 100, 38, 246658
2026/06/09 22:31:44.473, 3, 450.08, 100, 39, 246658
2026/06/09 22:31:45.473, 0, 238.22, 0, 33, 248264
2026/06/09 22:31:45.473, 1, 236.65, 0, 33, 248264
2026/06/09 22:31:45.473, 2, 448.85, 100, 38, 246658
2026/06/09 22:31:45.473, 3, 451.24, 100, 39, 246658
2026/06/09 22:31:46.473, 0, 275.58, 0, 34, 248264
2026/06/09 22:31:46.473, 1, 273.26, 12, 34, 248264
2026/06/09 22:31:46.473, 2, 448.10, 100, 38, 246658
2026/06/09 22:31:46.473, 3, 449.80, 98, 38, 246658
2026/06/09 22:31:47.473, 0, 238.22, 0, 33, 248264
2026/06/09 22:31:47.474, 1, 237.16, 0, 33, 248264
2026/06/09 22:31:47.474, 2, 450.82, 100, 38, 246658
2026/06/09 22:31:47.474, 3, 448.76, 100, 38, 246658
2026/06/09 22:31:48.474, 0, 238.22, 0, 33, 248264
2026/06/09 22:31:48.474, 1, 236.61, 0, 33, 248264
2026/06/09 22:31:48.474, 2, 449.99, 100, 38, 246658
2026/06/09 22:31:48.474, 3, 450.95, 100, 38, 246658
2026/06/09 22:31:49.474, 0, 238.14, 0, 33, 248264
2026/06/09 22:31:49.474, 1, 236.16, 0, 33, 248264
2026/06/09 22:31:49.474, 2, 452.05, 100, 38, 246658
2026/06/09 22:31:49.474, 3, 450.11, 100, 38, 246658
2026/06/09 22:31:50.474, 0, 238.22, 0, 33, 248264
2026/06/09 22:31:50.477, 1, 235.99, 0, 33, 248264
2026/06/09 22:31:50.477, 2, 452.45, 100, 38, 246658
2026/06/09 22:31:50.477, 3, 452.68, 100, 38, 246658
2026/06/09 22:31:51.477, 0, 238.14, 0, 33, 248264
2026/06/09 22:31:51.486, 1, 236.46, 0, 33, 248264
2026/06/09 22:31:51.486, 2, 450.54, 100, 38, 246658
2026/06/09 22:31:51.486, 3, 453.46, 100, 38, 246658
2026/06/09 22:31:52.486, 0, 259.76, 0, 34, 248264
2026/06/09 22:31:52.486, 1, 254.86, 81, 34, 248264
2026/06/09 22:31:52.486, 2, 448.58, 98, 38, 246658
2026/06/09 22:31:52.486, 3, 451.02, 98, 38, 246658
2026/06/09 22:31:53.486, 0, 264.77, 0, 34, 248264
2026/06/09 22:31:53.486, 1, 247.82, 0, 33, 248264
2026/06/09 22:31:53.486, 2, 449.12, 100, 38, 246658
2026/06/09 22:31:53.486, 3, 450.12, 100, 38, 246658
2026/06/09 22:31:54.487, 0, 238.22, 0, 33, 248264
2026/06/09 22:31:54.487, 1, 236.88, 0, 33, 248264
2026/06/09 22:31:54.487, 2, 449.16, 100, 38, 246658
2026/06/09 22:31:54.487, 3, 448.94, 100, 38, 246658
2026/06/09 22:31:55.488, 0, 272.16, 20, 35, 248264
2026/06/09 22:31:55.492, 1, 281.41, 0, 35, 248264
2026/06/09 22:31:55.493, 2, 448.71, 100, 38, 246658
2026/06/09 22:31:55.494, 3, 448.63, 100, 38, 246658
2026/06/09 22:31:56.495, 0, 242.23, 0, 33, 248264
2026/06/09 22:31:56.496, 1, 244.61, 0, 33, 248264
2026/06/09 22:31:56.496, 2, 450.17, 100, 38, 246658
2026/06/09 22:31:56.497, 3, 450.86, 100, 38, 246658
2026/06/09 22:31:57.499, 0, 238.14, 0, 33, 248264
2026/06/09 22:31:57.499, 1, 236.29, 0, 33, 248264
2026/06/09 22:31:57.499, 2, 452.02, 100, 38, 246658
2026/06/09 22:31:57.499, 3, 450.98, 100, 38, 246658
2026/06/09 22:31:58.499, 0, 256.67, 0, 33, 248264
2026/06/09 22:31:58.499, 1, 254.43, 0, 33, 248264
2026/06/09 22:31:58.499, 2, 450.44, 100, 38, 246658
2026/06/09 22:31:58.499, 3, 449.36, 100, 38, 246658
2026/06/09 22:31:59.499, 0, 268.05, 0, 33, 248264
2026/06/09 22:31:59.499, 1, 249.59, 0, 33, 248264
2026/06/09 22:31:59.499, 2, 451.82, 100, 38, 246658
2026/06/09 22:31:59.499, 3, 454.22, 100, 38, 246658
2026/06/09 22:32:00.499, 0, 266.60, 21, 34, 248264
2026/06/09 22:32:00.500, 1, 262.17, 0, 34, 248264
2026/06/09 22:32:00.500, 2, 452.31, 100, 38, 246658
2026/06/09 22:32:00.500, 3, 453.65, 100, 38, 246658
2026/06/09 22:32:01.500, 0, 259.99, 0, 34, 248264
2026/06/09 22:32:01.500, 1, 247.77, 0, 33, 248264
2026/06/09 22:32:01.500, 2, 449.74, 100, 38, 246658
2026/06/09 22:32:01.500, 3, 450.86, 100, 38, 246658
2026/06/09 22:32:02.500, 0, 260.50, 0, 34, 248264
2026/06/09 22:32:02.500, 1, 258.85, 0, 33, 248264
2026/06/09 22:32:02.500, 2, 450.26, 100, 38, 246658
2026/06/09 22:32:02.500, 3, 449.71, 100, 38, 246658
2026/06/09 22:32:03.500, 0, 238.14, 0, 33, 248264
2026/06/09 22:32:03.501, 1, 236.10, 0, 33, 248264
2026/06/09 22:32:03.501, 2, 450.12, 100, 38, 246658
2026/06/09 22:32:03.501, 3, 448.95, 100, 38, 246658
2026/06/09 22:32:04.501, 0, 299.72, 0, 34, 248264
2026/06/09 22:32:04.501, 1, 280.96, 0, 34, 248264
2026/06/09 22:32:04.501, 2, 445.26, 100, 38, 246658
2026/06/09 22:32:04.501, 3, 447.01, 100, 38, 246658
2026/06/09 22:32:05.501, 0, 268.32, 0, 34, 248264
2026/06/09 22:32:05.501, 1, 250.46, 0, 33, 248264
2026/06/09 22:32:05.501, 2, 445.83, 100, 38, 246658
2026/06/09 22:32:05.501, 3, 444.20, 100, 38, 246658
2026/06/09 22:32:06.501, 0, 238.14, 0, 33, 248264
2026/06/09 22:32:06.502, 1, 236.35, 0, 33, 248264
2026/06/09 22:32:06.502, 2, 445.23, 100, 38, 246658
2026/06/09 22:32:06.502, 3, 445.68, 100, 38, 246658
2026/06/09 22:32:07.502, 0, 238.14, 0, 33, 248264
2026/06/09 22:32:07.502, 1, 236.41, 0, 33, 248264
2026/06/09 22:32:07.502, 2, 448.15, 100, 38, 246658
2026/06/09 22:32:07.502, 3, 444.84, 100, 38, 246658
2026/06/09 22:32:08.502, 0, 256.34, 0, 34, 248264
2026/06/09 22:32:08.502, 1, 247.25, 1, 33, 248264
2026/06/09 22:32:08.502, 2, 445.40, 100, 38, 246658
2026/06/09 22:32:08.502, 3, 447.09, 100, 38, 246658
2026/06/09 22:32:09.502, 0, 238.14, 0, 33, 248264
2026/06/09 22:32:09.503, 1, 236.19, 0, 33, 248264
2026/06/09 22:32:09.503, 2, 448.50, 100, 38, 246658
2026/06/09 22:32:09.503, 3, 450.02, 100, 38, 246658
2026/06/09 22:32:10.503, 0, 260.24, 0, 34, 248264
2026/06/09 22:32:10.503, 1, 247.57, 0, 33, 248264
2026/06/09 22:32:10.503, 2, 447.02, 100, 38, 246658
2026/06/09 22:32:10.503, 3, 447.46, 100, 38, 246658
2026/06/09 22:32:11.503, 0, 238.14, 0, 33, 248264
2026/06/09 22:32:11.503, 1, 235.81, 0, 33, 248264
2026/06/09 22:32:11.503, 2, 450.23, 100, 38, 246658
2026/06/09 22:32:11.503, 3, 450.68, 100, 38, 246658
2026/06/09 22:32:12.503, 0, 238.22, 0, 33, 248264
2026/06/09 22:32:12.503, 1, 236.54, 0, 33, 248264
2026/06/09 22:32:12.503, 2, 448.29, 100, 38, 246658
2026/06/09 22:32:12.504, 3, 450.67, 100, 39, 246658
2026/06/09 22:32:13.504, 0, 238.14, 0, 33, 248264
2026/06/09 22:32:13.504, 1, 236.48, 0, 33, 248264
2026/06/09 22:32:13.504, 2, 447.79, 100, 38, 246658
2026/06/09 22:32:13.504, 3, 448.08, 100, 38, 246658
2026/06/09 22:32:14.504, 0, 282.19, 1, 34, 248264
2026/06/09 22:32:14.504, 1, 291.58, 14, 34, 248264
2026/06/09 22:32:14.504, 2, 446.99, 98, 38, 246658
2026/06/09 22:32:14.504, 3, 447.23, 99, 38, 246658
2026/06/09 22:32:15.504, 0, 238.76, 0, 34, 248264
2026/06/09 22:32:15.505, 1, 240.71, 0, 35, 248264
2026/06/09 22:32:15.505, 2, 448.92, 100, 38, 246658
2026/06/09 22:32:15.505, 3, 447.09, 100, 39, 246658
2026/06/09 22:32:16.505, 0, 252.18, 0, 34, 248264
2026/06/09 22:32:16.505, 1, 264.82, 0, 34, 248264
2026/06/09 22:32:16.505, 2, 447.83, 100, 38, 246658
2026/06/09 22:32:16.505, 3, 447.45, 100, 39, 246658
2026/06/09 22:32:17.505, 0, 256.35, 0, 34, 248264
2026/06/09 22:32:17.505, 1, 241.95, 0, 33, 248264
2026/06/09 22:32:17.505, 2, 447.79, 100, 38, 246658
2026/06/09 22:32:17.505, 3, 447.60, 100, 39, 246658
2026/06/09 22:32:18.505, 0, 238.14, 0, 34, 248264
2026/06/09 22:32:18.506, 1, 236.24, 0, 33, 248264
2026/06/09 22:32:18.506, 2, 449.40, 100, 38, 246658
2026/06/09 22:32:18.506, 3, 450.58, 100, 39, 246658
2026/06/09 22:32:19.506, 0, 238.14, 0, 34, 248264
2026/06/09 22:32:19.506, 1, 237.09, 0, 33, 248264
2026/06/09 22:32:19.506, 2, 448.40, 100, 39, 246658
2026/06/09 22:32:19.506, 3, 448.19, 100, 39, 246658
2026/06/09 22:32:20.506, 0, 238.14, 0, 34, 248264
2026/06/09 22:32:20.506, 1, 237.26, 0, 33, 248264
2026/06/09 22:32:20.506, 2, 447.07, 100, 38, 246658
2026/06/09 22:32:20.506, 3, 449.03, 100, 39, 246658
2026/06/09 22:32:21.509, 0, 238.14, 0, 34, 248264
2026/06/09 22:32:21.509, 1, 236.38, 0, 33, 248264
2026/06/09 22:32:21.509, 2, 445.09, 100, 38, 246658
2026/06/09 22:32:21.509, 3, 445.76, 100, 39, 246658
2026/06/09 22:32:22.509, 0, 238.22, 0, 34, 248264
2026/06/09 22:32:22.509, 1, 236.65, 0, 33, 248264
2026/06/09 22:32:22.509, 2, 447.10, 100, 38, 246658
2026/06/09 22:32:22.509, 3, 447.25, 100, 39, 246658
2026/06/09 22:32:23.509, 0, 275.27, 0, 34, 248264
2026/06/09 22:32:23.509, 1, 251.38, 0, 34, 248264
2026/06/09 22:32:23.509, 2, 445.80, 100, 38, 246658
2026/06/09 22:32:23.510, 3, 446.53, 100, 39, 246658
2026/06/09 22:32:24.510, 0, 253.72, 0, 34, 248264
2026/06/09 22:32:24.510, 1, 248.66, 20, 34, 248264
2026/06/09 22:32:24.511, 2, 447.98, 98, 39, 246658
2026/06/09 22:32:24.512, 3, 449.58, 98, 39, 246658
2026/06/09 22:32:25.513, 0, 238.68, 0, 34, 248264
2026/06/09 22:32:25.514, 1, 237.57, 0, 34, 248264
2026/06/09 22:32:25.515, 2, 449.03, 100, 39, 246658
2026/06/09 22:32:25.516, 3, 447.12, 100, 39, 246658
2026/06/09 22:32:26.517, 0, 238.30, 0, 34, 248264
2026/06/09 22:32:26.518, 1, 237.01, 0, 34, 248264
2026/06/09 22:32:26.519, 2, 446.28, 100, 39, 246658
2026/06/09 22:32:26.520, 3, 445.93, 100, 39, 246658
2026/06/09 22:32:27.521, 0, 238.22, 0, 34, 248264
2026/06/09 22:32:27.521, 1, 237.32, 0, 34, 248264
2026/06/09 22:32:27.521, 2, 444.00, 100, 39, 246658
2026/06/09 22:32:27.521, 3, 443.66, 100, 39, 246658
2026/06/09 22:32:28.521, 0, 250.19, 0, 34, 248264
2026/06/09 22:32:28.521, 1, 258.16, 23, 35, 248264
2026/06/09 22:32:28.521, 2, 443.02, 100, 39, 246658
2026/06/09 22:32:28.521, 3, 445.25, 98, 39, 246658
2026/06/09 22:32:29.521, 0, 273.79, 0, 34, 248264
2026/06/09 22:32:29.522, 1, 278.90, 60, 34, 248264
2026/06/09 22:32:29.522, 2, 440.90, 98, 39, 246658
2026/06/09 22:32:29.522, 3, 441.32, 98, 39, 246658
2026/06/09 22:32:30.522, 0, 277.67, 75, 35, 248264
2026/06/09 22:32:30.522, 1, 263.18, 14, 34, 248264
2026/06/09 22:32:30.522, 2, 440.23, 100, 39, 246658
2026/06/09 22:32:30.522, 3, 439.44, 98, 39, 246658
2026/06/09 22:32:31.522, 0, 239.74, 0, 34, 248264
2026/06/09 22:32:31.522, 1, 237.54, 0, 34, 248264
2026/06/09 22:32:31.522, 2, 440.83, 100, 39, 246658
2026/06/09 22:32:31.522, 3, 438.48, 100, 39, 246658
2026/06/09 22:32:32.522, 0, 238.75, 0, 34, 248264
2026/06/09 22:32:32.522, 1, 237.69, 0, 34, 248264
2026/06/09 22:32:32.523, 2, 441.08, 100, 39, 246658
2026/06/09 22:32:32.523, 3, 442.23, 100, 39, 246658
2026/06/09 22:32:33.523, 0, 238.53, 0, 34, 248264
2026/06/09 22:32:33.523, 1, 237.54, 0, 34, 248264
2026/06/09 22:32:33.523, 2, 443.52, 100, 39, 246658
2026/06/09 22:32:33.523, 3, 441.18, 100, 39, 246658
2026/06/09 22:32:34.523, 0, 238.37, 0, 34, 248264
2026/06/09 22:32:34.523, 1, 237.24, 0, 34, 248264
2026/06/09 22:32:34.523, 2, 443.96, 100, 39, 246658
2026/06/09 22:32:34.523, 3, 445.56, 100, 39, 246658
2026/06/09 22:32:35.523, 0, 265.11, 0, 34, 248264
2026/06/09 22:32:35.523, 1, 258.51, 0, 34, 248264
2026/06/09 22:32:35.524, 2, 442.28, 100, 39, 246658
2026/06/09 22:32:35.524, 3, 444.51, 100, 39, 246658
2026/06/09 22:32:36.524, 0, 238.99, 0, 34, 248264
2026/06/09 22:32:36.524, 1, 237.37, 0, 34, 248264
2026/06/09 22:32:36.524, 2, 443.17, 100, 39, 246658
2026/06/09 22:32:36.524, 3, 441.53, 100, 39, 246658
2026/06/09 22:32:37.524, 0, 251.13, 0, 34, 248264
2026/06/09 22:32:37.524, 1, 265.85, 0, 34, 248264
2026/06/09 22:32:37.524, 2, 438.63, 100, 39, 246658
2026/06/09 22:32:37.524, 3, 438.20, 100, 39, 246658
2026/06/09 22:32:38.524, 0, 238.53, 0, 34, 248264
2026/06/09 22:32:38.525, 1, 237.68, 0, 34, 248264
2026/06/09 22:32:38.525, 2, 442.31, 100, 39, 246658
2026/06/09 22:32:38.525, 3, 441.78, 100, 39, 246658
2026/06/09 22:32:39.525, 0, 251.45, 0, 34, 248264
2026/06/09 22:32:39.525, 1, 258.75, 0, 34, 248264
2026/06/09 22:32:39.525, 2, 441.33, 100, 39, 246658
2026/06/09 22:32:39.525, 3, 445.34, 100, 39, 246658
2026/06/09 22:32:40.525, 0, 238.83, 0, 34, 248264
2026/06/09 22:32:40.525, 1, 237.78, 0, 34, 248264
2026/06/09 22:32:40.525, 2, 445.52, 100, 39, 246658
2026/06/09 22:32:40.525, 3, 443.66, 100, 39, 246658
2026/06/09 22:32:41.525, 0, 238.61, 0, 34, 248264
2026/06/09 22:32:41.525, 1, 237.62, 0, 34, 248264
2026/06/09 22:32:41.526, 2, 446.56, 100, 39, 246658
2026/06/09 22:32:41.526, 3, 444.93, 100, 39, 246658
2026/06/09 22:32:42.526, 0, 238.29, 0, 34, 248264
2026/06/09 22:32:42.526, 1, 237.61, 0, 34, 248264
2026/06/09 22:32:42.526, 2, 444.24, 100, 39, 246658
2026/06/09 22:32:42.526, 3, 444.97, 100, 39, 246658
2026/06/09 22:32:43.526, 0, 238.53, 0, 34, 248264
2026/06/09 22:32:43.526, 1, 237.62, 0, 34, 248264
2026/06/09 22:32:43.526, 2, 444.05, 100, 39, 246658
2026/06/09 22:32:43.526, 3, 443.80, 100, 39, 246658
2026/06/09 22:32:44.526, 0, 238.14, 0, 33, 248264
2026/06/09 22:32:44.527, 1, 237.04, 0, 33, 248264
2026/06/09 22:32:44.527, 2, 442.27, 100, 38, 246658
2026/06/09 22:32:44.527, 3, 444.19, 100, 39, 246658
2026/06/09 22:32:45.527, 0, 238.14, 0, 33, 248264
2026/06/09 22:32:45.527, 1, 235.78, 0, 33, 248264
2026/06/09 22:32:45.527, 2, 443.08, 100, 38, 246658
2026/06/09 22:32:45.527, 3, 444.03, 100, 38, 246658
2026/06/09 22:32:46.527, 0, 238.14, 0, 33, 248264
2026/06/09 22:32:46.527, 1, 235.87, 0, 33, 248264
2026/06/09 22:32:46.527, 2, 444.59, 100, 38, 246658
2026/06/09 22:32:46.527, 3, 442.63, 100, 38, 246658
2026/06/09 22:32:47.527, 0, 238.14, 0, 33, 248264
2026/06/09 22:32:47.528, 1, 234.99, 0, 33, 248264
2026/06/09 22:32:47.528, 2, 439.39, 100, 38, 246658
2026/06/09 22:32:47.528, 3, 442.43, 100, 38, 246658
2026/06/09 22:32:48.528, 0, 254.69, 0, 33, 248264
2026/06/09 22:32:48.528, 1, 253.61, 0, 33, 248264
2026/06/09 22:32:48.528, 2, 439.12, 100, 38, 246658
2026/06/09 22:32:48.528, 3, 442.41, 100, 38, 246658
2026/06/09 22:32:49.528, 0, 248.53, 16, 34, 248264
2026/06/09 22:32:49.528, 1, 249.77, 0, 33, 248264
2026/06/09 22:32:49.528, 2, 444.14, 100, 38, 246658
2026/06/09 22:32:49.528, 3, 443.25, 100, 38, 246658
2026/06/09 22:32:50.528, 0, 238.38, 0, 33, 248264
2026/06/09 22:32:50.529, 1, 234.92, 0, 33, 248264
2026/06/09 22:32:50.529, 2, 443.69, 100, 38, 246658
2026/06/09 22:32:50.529, 3, 443.54, 100, 38, 246658
2026/06/09 22:32:51.529, 0, 238.14, 0, 33, 248264
2026/06/09 22:32:51.530, 1, 234.45, 0, 33, 248264
2026/06/09 22:32:51.530, 2, 444.68, 100, 38, 246658
2026/06/09 22:32:51.530, 3, 443.54, 100, 38, 246658
2026/06/09 22:32:52.530, 0, 238.14, 0, 33, 248264
2026/06/09 22:32:52.530, 1, 234.46, 0, 33, 248264
2026/06/09 22:32:52.530, 2, 442.80, 100, 38, 246658
2026/06/09 22:32:52.530, 3, 443.49, 100, 38, 246658
2026/06/09 22:32:53.530, 0, 238.13, 0, 33, 248264
2026/06/09 22:32:53.530, 1, 234.21, 0, 33, 248264
2026/06/09 22:32:53.530, 2, 443.97, 100, 38, 246658
2026/06/09 22:32:53.532, 3, 446.52, 100, 38, 246658
2026/06/09 22:32:54.533, 0, 238.14, 0, 33, 248264
2026/06/09 22:32:54.534, 1, 234.89, 0, 33, 248264
2026/06/09 22:32:54.534, 2, 442.50, 100, 38, 246658
2026/06/09 22:32:54.535, 3, 444.95, 100, 38, 246658
2026/06/09 22:32:55.537, 0, 238.14, 0, 33, 248264
2026/06/09 22:32:55.537, 1, 235.15, 0, 33, 248264
2026/06/09 22:32:55.538, 2, 441.60, 100, 38, 246658
2026/06/09 22:32:55.539, 3, 443.33, 100, 38, 246658
2026/06/09 22:32:56.540, 0, 238.14, 0, 33, 248264
2026/06/09 22:32:56.540, 1, 235.74, 0, 33, 248264
2026/06/09 22:32:56.540, 2, 443.78, 100, 38, 246658
2026/06/09 22:32:56.540, 3, 442.50, 100, 38, 246658
2026/06/09 22:32:57.540, 0, 238.14, 0, 33, 248264
2026/06/09 22:32:57.541, 1, 235.68, 0, 33, 248264
2026/06/09 22:32:57.541, 2, 446.68, 100, 38, 246658
2026/06/09 22:32:57.541, 3, 447.19, 100, 38, 246658
2026/06/09 22:32:58.541, 0, 238.14, 0, 33, 248264
2026/06/09 22:32:58.541, 1, 235.95, 0, 33, 248264
2026/06/09 22:32:58.541, 2, 446.13, 100, 38, 246658
2026/06/09 22:32:58.541, 3, 448.75, 100, 38, 246658
2026/06/09 22:32:59.541, 0, 238.14, 0, 33, 248264
2026/06/09 22:32:59.541, 1, 236.09, 0, 33, 248264
2026/06/09 22:32:59.541, 2, 447.03, 100, 38, 246658
2026/06/09 22:32:59.541, 3, 447.51, 100, 39, 246658
2026/06/09 22:33:00.541, 0, 238.14, 0, 33, 248264
2026/06/09 22:33:00.541, 1, 236.61, 0, 33, 248264
2026/06/09 22:33:00.542, 2, 444.42, 100, 38, 246658
2026/06/09 22:33:00.542, 3, 446.74, 100, 39, 246658
2026/06/09 22:33:01.542, 0, 238.14, 0, 33, 248264
2026/06/09 22:33:01.542, 1, 236.41, 0, 33, 248264
2026/06/09 22:33:01.542, 2, 445.67, 100, 38, 246658
2026/06/09 22:33:01.542, 3, 447.56, 100, 39, 246658
2026/06/09 22:33:02.542, 0, 238.14, 0, 33, 248264
2026/06/09 22:33:02.542, 1, 236.33, 0, 33, 248264
2026/06/09 22:33:02.542, 2, 446.88, 100, 38, 246658
2026/06/09 22:33:02.542, 3, 447.47, 100, 39, 246658
2026/06/09 22:33:03.542, 0, 238.14, 0, 33, 248264
2026/06/09 22:33:03.542, 1, 236.46, 0, 33, 248264
2026/06/09 22:33:03.542, 2, 447.36, 100, 38, 246658
2026/06/09 22:33:03.542, 3, 445.58, 100, 39, 246658
2026/06/09 22:33:04.542, 0, 238.29, 0, 33, 248264
2026/06/09 22:33:04.543, 1, 236.75, 0, 33, 248264
2026/06/09 22:33:04.543, 2, 448.96, 100, 38, 246658
2026/06/09 22:33:04.543, 3, 447.94, 100, 39, 246658
2026/06/09 22:33:05.543, 0, 238.14, 0, 33, 248264
2026/06/09 22:33:05.543, 1, 236.40, 0, 33, 248264
2026/06/09 22:33:05.543, 2, 448.52, 100, 38, 246658
2026/06/09 22:33:05.543, 3, 447.28, 100, 39, 246658
2026/06/09 22:33:06.543, 0, 262.67, 0, 34, 248264
2026/06/09 22:33:06.543, 1, 258.06, 0, 34, 248264
2026/06/09 22:33:06.543, 2, 446.11, 100, 38, 246658
2026/06/09 22:33:06.543, 3, 447.36, 100, 39, 246658
2026/06/09 22:33:07.543, 0, 250.18, 0, 34, 248264
2026/06/09 22:33:07.544, 1, 252.51, 0, 34, 248264
2026/06/09 22:33:07.544, 2, 447.92, 98, 38, 246658
2026/06/09 22:33:07.544, 3, 448.10, 98, 39, 246658
2026/06/09 22:33:08.544, 0, 257.87, 0, 34, 248264
2026/06/09 22:33:08.544, 1, 256.47, 0, 34, 248264
2026/06/09 22:33:08.544, 2, 444.90, 100, 38, 246658
2026/06/09 22:33:08.544, 3, 447.76, 100, 39, 246658
2026/06/09 22:33:09.544, 0, 251.61, 25, 35, 248264
2026/06/09 22:33:09.544, 1, 258.69, 0, 34, 248264
2026/06/09 22:33:09.544, 2, 444.83, 100, 38, 246658
2026/06/09 22:33:09.544, 3, 447.86, 100, 39, 246658
2026/06/09 22:33:10.544, 0, 238.68, 0, 33, 248264
2026/06/09 22:33:10.544, 1, 237.18, 0, 33, 248264
2026/06/09 22:33:10.544, 2, 445.95, 100, 38, 246658
2026/06/09 22:33:10.545, 3, 447.99, 100, 39, 246658
2026/06/09 22:33:11.545, 0, 238.14, 0, 33, 248264
2026/06/09 22:33:11.545, 1, 237.00, 0, 33, 248264
2026/06/09 22:33:11.545, 2, 447.81, 100, 38, 246658
2026/06/09 22:33:11.545, 3, 447.35, 100, 38, 246658
2026/06/09 22:33:12.545, 0, 238.14, 0, 33, 248264
2026/06/09 22:33:12.545, 1, 236.74, 0, 33, 248264
2026/06/09 22:33:12.545, 2, 446.48, 100, 38, 246658
2026/06/09 22:33:12.545, 3, 448.01, 100, 38, 246658
2026/06/09 22:33:13.545, 0, 291.94, 0, 34, 248264
2026/06/09 22:33:13.545, 1, 273.72, 0, 34, 248264
2026/06/09 22:33:13.545, 2, 429.40, 100, 38, 246658
2026/06/09 22:33:13.545, 3, 431.91, 100, 38, 246658
2026/06/09 22:33:14.546, 0, 248.22, 0, 34, 248264
2026/06/09 22:33:14.546, 1, 252.28, 0, 34, 248264
2026/06/09 22:33:14.546, 2, 445.48, 100, 38, 246658
2026/06/09 22:33:14.546, 3, 445.70, 100, 38, 246658
2026/06/09 22:33:15.546, 0, 238.22, 0, 33, 248264
2026/06/09 22:33:15.546, 1, 236.65, 0, 33, 248264
2026/06/09 22:33:15.546, 2, 446.82, 100, 38, 246658
2026/06/09 22:33:15.546, 3, 444.95, 100, 38, 246658
2026/06/09 22:33:16.546, 0, 266.55, 8, 34, 248264
2026/06/09 22:33:16.546, 1, 249.91, 16, 34, 248264
2026/06/09 22:33:16.546, 2, 446.68, 98, 38, 246658
2026/06/09 22:33:16.546, 3, 447.72, 100, 39, 246658
2026/06/09 22:33:17.547, 0, 238.23, 0, 33, 248264
2026/06/09 22:33:17.547, 1, 237.13, 0, 33, 248264
2026/06/09 22:33:17.547, 2, 447.13, 100, 38, 246658
2026/06/09 22:33:17.547, 3, 449.72, 100, 38, 246658
2026/06/09 22:33:18.547, 0, 238.21, 0, 33, 248264
2026/06/09 22:33:18.547, 1, 236.02, 0, 33, 248264
2026/06/09 22:33:18.547, 2, 450.40, 100, 38, 246658
2026/06/09 22:33:18.547, 3, 450.76, 100, 38, 246658
2026/06/09 22:33:19.547, 0, 269.01, 0, 34, 248264
2026/06/09 22:33:19.547, 1, 249.84, 0, 33, 248264
2026/06/09 22:33:19.547, 2, 445.55, 100, 38, 246658
2026/06/09 22:33:19.547, 3, 445.98, 100, 38, 246658
2026/06/09 22:33:20.547, 0, 238.38, 0, 33, 248264
2026/06/09 22:33:20.549, 1, 236.45, 0, 33, 248264
2026/06/09 22:33:20.549, 2, 446.63, 100, 38, 246658
2026/06/09 22:33:20.549, 3, 446.10, 100, 38, 246658
2026/06/09 22:33:21.551, 0, 238.14, 0, 33, 248264
2026/06/09 22:33:21.551, 1, 236.68, 0, 33, 248264
2026/06/09 22:33:21.551, 2, 448.53, 100, 38, 246658
2026/06/09 22:33:21.551, 3, 448.76, 100, 39, 246658
2026/06/09 22:33:22.552, 0, 238.14, 0, 33, 248264
2026/06/09 22:33:22.553, 1, 235.94, 0, 33, 248264
2026/06/09 22:33:22.554, 2, 446.08, 100, 38, 246658
2026/06/09 22:33:22.555, 3, 449.53, 100, 38, 246658
2026/06/09 22:33:23.556, 0, 238.14, 0, 33, 248264
2026/06/09 22:33:23.557, 1, 236.73, 0, 33, 248264
2026/06/09 22:33:23.558, 2, 448.69, 100, 38, 246658
2026/06/09 22:33:23.559, 3, 449.01, 100, 38, 246658
2026/06/09 22:33:24.560, 0, 250.28, 0, 34, 248264
2026/06/09 22:33:24.561, 1, 265.87, 45, 34, 248264
2026/06/09 22:33:24.562, 2, 448.33, 100, 38, 246658
2026/06/09 22:33:24.563, 3, 448.61, 98, 38, 246658
2026/06/09 22:33:25.564, 0, 238.22, 0, 33, 248264
2026/06/09 22:33:25.565, 1, 236.50, 0, 33, 248264
2026/06/09 22:33:25.565, 2, 447.88, 100, 38, 246658
2026/06/09 22:33:25.566, 3, 448.11, 100, 38, 246658
2026/06/09 22:33:26.568, 0, 255.50, 0, 33, 248264
2026/06/09 22:33:26.568, 1, 253.42, 0, 33, 248264
2026/06/09 22:33:26.569, 2, 449.34, 100, 38, 246658
2026/06/09 22:33:26.570, 3, 450.05, 100, 38, 246658
2026/06/09 22:33:27.571, 0, 249.48, 24, 34, 248264
2026/06/09 22:33:27.571, 1, 263.09, 74, 34, 248264
2026/06/09 22:33:27.571, 2, 449.32, 100, 38, 246658
2026/06/09 22:33:27.571, 3, 451.26, 100, 38, 246658
2026/06/09 22:33:28.572, 0, 238.14, 0, 33, 248264
2026/06/09 22:33:28.572, 1, 237.01, 0, 33, 248264
2026/06/09 22:33:28.572, 2, 449.19, 100, 38, 246658
2026/06/09 22:33:28.572, 3, 449.37, 100, 38, 246658
2026/06/09 22:33:29.572, 0, 251.51, 0, 33, 248264
2026/06/09 22:33:29.572, 1, 252.49, 0, 33, 248264
2026/06/09 22:33:29.572, 2, 449.22, 100, 38, 246658
2026/06/09 22:33:29.572, 3, 451.97, 100, 39, 246658
2026/06/09 22:33:30.573, 0, 261.48, 0, 34, 248264
2026/06/09 22:33:30.573, 1, 250.62, 0, 33, 248264
2026/06/09 22:33:30.573, 2, 448.99, 100, 38, 246658
2026/06/09 22:33:30.573, 3, 448.82, 100, 39, 246658
2026/06/09 22:33:31.573, 0, 238.14, 0, 33, 248264
2026/06/09 22:33:31.573, 1, 236.87, 0, 33, 248264
2026/06/09 22:33:31.573, 2, 451.20, 100, 38, 246658
2026/06/09 22:33:31.573, 3, 450.51, 100, 39, 246658
2026/06/09 22:33:32.573, 0, 238.14, 0, 33, 248264
2026/06/09 22:33:32.573, 1, 236.53, 0, 33, 248264
2026/06/09 22:33:32.573, 2, 449.32, 100, 38, 246658
2026/06/09 22:33:32.573, 3, 449.89, 100, 38, 246658
2026/06/09 22:33:33.574, 0, 238.14, 0, 33, 248264
2026/06/09 22:33:33.574, 1, 236.48, 0, 33, 248264
2026/06/09 22:33:33.574, 2, 446.19, 100, 38, 246658
2026/06/09 22:33:33.574, 3, 445.55, 100, 38, 246658
2026/06/09 22:33:34.574, 0, 238.14, 0, 33, 248264
2026/06/09 22:33:34.574, 1, 235.83, 0, 33, 248264
2026/06/09 22:33:34.574, 2, 447.80, 100, 38, 246658
2026/06/09 22:33:34.574, 3, 445.32, 100, 38, 246658
2026/06/09 22:33:35.574, 0, 238.14, 0, 33, 248264
2026/06/09 22:33:35.574, 1, 236.04, 0, 33, 248264
2026/06/09 22:33:35.574, 2, 449.50, 100, 38, 246658
2026/06/09 22:33:35.574, 3, 448.27, 100, 38, 246658
2026/06/09 22:33:36.574, 0, 238.22, 0, 33, 248264
2026/06/09 22:33:36.575, 1, 236.07, 0, 33, 248264
2026/06/09 22:33:36.575, 2, 450.34, 100, 38, 246658
2026/06/09 22:33:36.575, 3, 450.72, 100, 38, 246658
2026/06/09 22:33:37.575, 0, 238.14, 0, 33, 248264
2026/06/09 22:33:37.575, 1, 235.73, 0, 33, 248264
2026/06/09 22:33:37.575, 2, 449.60, 100, 38, 246658
2026/06/09 22:33:37.575, 3, 447.27, 100, 38, 246658
2026/06/09 22:33:38.575, 0, 238.14, 0, 33, 248264
2026/06/09 22:33:38.575, 1, 236.21, 0, 33, 248264
2026/06/09 22:33:38.575, 2, 448.25, 100, 38, 246658
2026/06/09 22:33:38.575, 3, 449.15, 100, 38, 246658
2026/06/09 22:33:39.575, 0, 238.14, 0, 33, 248264
2026/06/09 22:33:39.576, 1, 235.79, 0, 33, 248264
2026/06/09 22:33:39.576, 2, 447.57, 100, 38, 246658
2026/06/09 22:33:39.576, 3, 449.24, 100, 38, 246658
2026/06/09 22:33:40.576, 0, 245.66, 0, 33, 248264
2026/06/09 22:33:40.576, 1, 252.32, 0, 35, 248264
2026/06/09 22:33:40.576, 2, 449.42, 100, 38, 246658
2026/06/09 22:33:40.576, 3, 451.60, 100, 38, 246658
2026/06/09 22:33:41.576, 0, 256.81, 0, 33, 248264
2026/06/09 22:33:41.576, 1, 244.55, 0, 33, 248264
2026/06/09 22:33:41.576, 2, 446.82, 100, 38, 246658
2026/06/09 22:33:41.576, 3, 446.33, 100, 38, 246658
2026/06/09 22:33:42.576, 0, 238.14, 0, 33, 248264
2026/06/09 22:33:42.576, 1, 236.39, 0, 33, 248264
2026/06/09 22:33:42.577, 2, 449.44, 100, 38, 246658
2026/06/09 22:33:42.577, 3, 450.02, 100, 38, 246658
2026/06/09 22:33:43.577, 0, 238.14, 0, 33, 248264
2026/06/09 22:33:43.577, 1, 235.48, 0, 33, 248264
2026/06/09 22:33:43.577, 2, 450.32, 100, 38, 246658
2026/06/09 22:33:43.577, 3, 450.72, 100, 38, 246658
2026/06/09 22:33:44.577, 0, 238.14, 0, 33, 248264
2026/06/09 22:33:44.577, 1, 235.40, 0, 33, 248264
2026/06/09 22:33:44.577, 2, 450.15, 100, 38, 246658
2026/06/09 22:33:44.577, 3, 452.63, 100, 38, 246658
2026/06/09 22:33:45.577, 0, 248.14, 0, 33, 248264
2026/06/09 22:33:45.578, 1, 248.60, 0, 34, 248264
2026/06/09 22:33:45.578, 2, 448.66, 100, 38, 246658
2026/06/09 22:33:45.578, 3, 452.60, 100, 38, 246658
2026/06/09 22:33:46.578, 0, 249.36, 0, 33, 248264
2026/06/09 22:33:46.578, 1, 240.66, 0, 33, 248264
2026/06/09 22:33:46.578, 2, 447.54, 100, 38, 246658
2026/06/09 22:33:46.578, 3, 449.98, 100, 38, 246658
2026/06/09 22:33:47.578, 0, 260.10, 0, 33, 248264
2026/06/09 22:33:47.578, 1, 261.13, 0, 33, 248264
2026/06/09 22:33:47.578, 2, 445.84, 100, 38, 246658
2026/06/09 22:33:47.578, 3, 448.19, 100, 38, 246658
2026/06/09 22:33:48.578, 0, 238.14, 0, 33, 248264
2026/06/09 22:33:48.579, 1, 234.50, 0, 33, 248264
2026/06/09 22:33:48.579, 2, 447.65, 100, 38, 246658
2026/06/09 22:33:48.579, 3, 448.55, 100, 38, 246658
2026/06/09 22:33:49.579, 0, 238.14, 0, 33, 248264
2026/06/09 22:33:49.579, 1, 234.34, 0, 33, 248264
2026/06/09 22:33:49.579, 2, 447.53, 100, 38, 246658
2026/06/09 22:33:49.579, 3, 447.97, 100, 38, 246658
2026/06/09 22:33:50.579, 0, 238.14, 0, 33, 248264
2026/06/09 22:33:50.579, 1, 234.21, 0, 33, 248264
2026/06/09 22:33:50.579, 2, 448.53, 100, 38, 246658
2026/06/09 22:33:50.579, 3, 448.18, 100, 38, 246658
2026/06/09 22:33:51.579, 0, 240.45, 0, 33, 248264
2026/06/09 22:33:51.579, 1, 247.41, 0, 34, 248264
2026/06/09 22:33:51.579, 2, 447.78, 100, 38, 246658
2026/06/09 22:33:51.579, 3, 447.10, 100, 38, 246658
2026/06/09 22:33:52.580, 0, 250.24, 0, 33, 248264
2026/06/09 22:33:52.580, 1, 268.43, 0, 35, 248264
2026/06/09 22:33:52.580, 2, 444.01, 100, 38, 246658
2026/06/09 22:33:52.580, 3, 445.81, 100, 38, 246658
2026/06/09 22:33:53.580, 0, 270.69, 0, 33, 248264
2026/06/09 22:33:53.580, 1, 277.66, 0, 33, 248264
2026/06/09 22:33:53.580, 2, 443.94, 100, 38, 246658
2026/06/09 22:33:53.581, 3, 443.89, 100, 38, 246658
2026/06/09 22:33:54.582, 0, 238.14, 0, 33, 248264
2026/06/09 22:33:54.583, 1, 236.00, 0, 33, 248264
2026/06/09 22:33:54.584, 2, 445.73, 100, 38, 246658
2026/06/09 22:33:54.585, 3, 445.40, 100, 38, 246658
2026/06/09 22:33:55.586, 0, 238.14, 0, 33, 248264
2026/06/09 22:33:55.587, 1, 236.83, 0, 33, 248264
2026/06/09 22:33:55.587, 2, 444.92, 100, 38, 246658
2026/06/09 22:33:55.588, 3, 445.36, 100, 38, 246658
2026/06/09 22:33:56.589, 0, 249.73, 23, 34, 248264
2026/06/09 22:33:56.590, 1, 261.57, 51, 34, 248264
2026/06/09 22:33:56.591, 2, 446.18, 100, 38, 246658
2026/06/09 22:33:56.592, 3, 445.53, 100, 38, 246658
2026/06/09 22:33:57.594, 0, 238.22, 0, 34, 248264
2026/06/09 22:33:57.594, 1, 237.61, 0, 34, 248264
2026/06/09 22:33:57.594, 2, 446.14, 100, 38, 246658
2026/06/09 22:33:57.594, 3, 445.58, 100, 39, 246658
2026/06/09 22:33:58.595, 0, 238.14, 0, 34, 248264
2026/06/09 22:33:58.595, 1, 237.17, 0, 34, 248264
2026/06/09 22:33:58.595, 2, 444.82, 100, 39, 246658
2026/06/09 22:33:58.595, 3, 446.06, 100, 39, 246658
2026/06/09 22:33:59.595, 0, 238.30, 0, 34, 248264
2026/06/09 22:33:59.595, 1, 237.09, 0, 34, 248264
2026/06/09 22:33:59.595, 2, 448.25, 100, 39, 246658
2026/06/09 22:33:59.595, 3, 447.51, 100, 39, 246658
2026/06/09 22:34:00.595, 0, 238.14, 0, 34, 248264
2026/06/09 22:34:00.595, 1, 237.31, 0, 34, 248264
2026/06/09 22:34:00.595, 2, 447.80, 100, 39, 246658
2026/06/09 22:34:00.595, 3, 448.72, 100, 39, 246658
2026/06/09 22:34:01.596, 0, 238.14, 0, 34, 248264
2026/06/09 22:34:01.596, 1, 237.19, 0, 34, 248264
2026/06/09 22:34:01.596, 2, 447.73, 100, 39, 246658
2026/06/09 22:34:01.596, 3, 447.80, 100, 39, 246658
2026/06/09 22:34:02.596, 0, 249.90, 0, 34, 248264
2026/06/09 22:34:02.596, 1, 254.42, 0, 34, 248264
2026/06/09 22:34:02.596, 2, 444.65, 100, 39, 246658
2026/06/09 22:34:02.596, 3, 444.59, 100, 39, 246658
2026/06/09 22:34:03.596, 0, 285.92, 0, 34, 248264
2026/06/09 22:34:03.596, 1, 268.24, 0, 34, 248264
2026/06/09 22:34:03.596, 2, 444.48, 100, 39, 246658
2026/06/09 22:34:03.596, 3, 444.51, 100, 39, 246658
2026/06/09 22:34:04.596, 0, 238.35, 0, 34, 248264
2026/06/09 22:34:04.597, 1, 237.64, 0, 34, 248264
2026/06/09 22:34:04.597, 2, 445.34, 100, 39, 246658
2026/06/09 22:34:04.597, 3, 445.74, 100, 39, 246658
2026/06/09 22:34:05.597, 0, 238.23, 0, 34, 248264
2026/06/09 22:34:05.597, 1, 237.55, 0, 34, 248264
2026/06/09 22:34:05.597, 2, 446.12, 100, 39, 246658
2026/06/09 22:34:05.597, 3, 447.99, 100, 39, 246658
2026/06/09 22:34:06.597, 0, 238.37, 0, 34, 248264
2026/06/09 22:34:06.597, 1, 236.94, 0, 34, 248264
2026/06/09 22:34:06.597, 2, 445.30, 100, 39, 246658
2026/06/09 22:34:06.597, 3, 444.85, 100, 39, 246658
2026/06/09 22:34:07.598, 0, 265.28, 0, 34, 248264
2026/06/09 22:34:07.598, 1, 248.90, 3, 34, 248264
2026/06/09 22:34:07.598, 2, 443.71, 98, 38, 246658
2026/06/09 22:34:07.598, 3, 444.86, 98, 39, 246658
2026/06/09 22:34:08.598, 0, 239.75, 0, 34, 248264
2026/06/09 22:34:08.598, 1, 238.14, 0, 33, 248264
2026/06/09 22:34:08.598, 2, 447.14, 100, 38, 246658
2026/06/09 22:34:08.598, 3, 446.55, 100, 39, 246658
2026/06/09 22:34:09.598, 0, 259.55, 0, 34, 248264
2026/06/09 22:34:09.598, 1, 256.04, 0, 34, 248264
2026/06/09 22:34:09.598, 2, 447.46, 100, 38, 246658
2026/06/09 22:34:09.598, 3, 445.93, 100, 39, 246658
2026/06/09 22:34:10.598, 0, 238.22, 0, 33, 248264
2026/06/09 22:34:10.599, 1, 236.91, 0, 33, 248264
2026/06/09 22:34:10.599, 2, 448.04, 100, 38, 246658
2026/06/09 22:34:10.599, 3, 446.22, 100, 39, 246658
2026/06/09 22:34:11.599, 0, 238.22, 0, 33, 248264
2026/06/09 22:34:11.599, 1, 237.22, 0, 33, 248264
2026/06/09 22:34:11.599, 2, 445.89, 100, 38, 246658
2026/06/09 22:34:11.599, 3, 445.38, 100, 38, 246658
2026/06/09 22:34:12.599, 0, 238.14, 0, 33, 248264
2026/06/09 22:34:12.599, 1, 236.37, 0, 33, 248264
2026/06/09 22:34:12.599, 2, 447.46, 100, 38, 246658
2026/06/09 22:34:12.599, 3, 447.51, 100, 38, 246658
2026/06/09 22:34:13.599, 0, 238.14, 0, 33, 248264
2026/06/09 22:34:13.599, 1, 236.32, 0, 33, 248264
2026/06/09 22:34:13.600, 2, 448.31, 100, 38, 246658
2026/06/09 22:34:13.600, 3, 448.10, 100, 38, 246658
2026/06/09 22:34:14.600, 0, 238.14, 0, 33, 248264
2026/06/09 22:34:14.600, 1, 235.54, 0, 33, 248264
2026/06/09 22:34:14.600, 2, 447.96, 100, 38, 246658
2026/06/09 22:34:14.600, 3, 448.42, 100, 38, 246658
2026/06/09 22:34:15.600, 0, 238.14, 0, 33, 248264
2026/06/09 22:34:15.600, 1, 235.45, 0, 33, 248264
2026/06/09 22:34:15.600, 2, 447.13, 100, 38, 246658
2026/06/09 22:34:15.600, 3, 448.22, 100, 38, 246658
2026/06/09 22:34:16.600, 0, 238.14, 0, 33, 248264
2026/06/09 22:34:16.600, 1, 235.70, 0, 33, 248264
2026/06/09 22:34:16.601, 2, 444.86, 100, 38, 246658
2026/06/09 22:34:16.601, 3, 444.92, 100, 38, 246658
2026/06/09 22:34:17.601, 0, 238.14, 0, 33, 248264
2026/06/09 22:34:17.601, 1, 235.15, 0, 33, 248264
2026/06/09 22:34:17.601, 2, 448.38, 100, 38, 246658
2026/06/09 22:34:17.601, 3, 445.30, 100, 38, 246658
2026/06/09 22:34:18.601, 0, 264.78, 0, 33, 248264
2026/06/09 22:34:18.601, 1, 259.64, 0, 33, 248264
2026/06/09 22:34:18.601, 2, 444.84, 100, 38, 246658
2026/06/09 22:34:18.601, 3, 444.50, 100, 38, 246658
2026/06/09 22:34:19.601, 0, 238.14, 0, 33, 248264
2026/06/09 22:34:19.601, 1, 235.97, 0, 33, 248264
2026/06/09 22:34:19.602, 2, 447.90, 100, 38, 246658
2026/06/09 22:34:19.602, 3, 446.81, 100, 38, 246658
2026/06/09 22:34:20.602, 0, 238.14, 0, 33, 248264
2026/06/09 22:34:20.602, 1, 236.00, 0, 33, 248264
2026/06/09 22:34:20.602, 2, 447.79, 100, 38, 246658
2026/06/09 22:34:20.602, 3, 447.11, 100, 38, 246658
2026/06/09 22:34:21.602, 0, 238.14, 0, 33, 248264
2026/06/09 22:34:21.602, 1, 236.02, 0, 33, 248264
2026/06/09 22:34:21.602, 2, 443.34, 100, 38, 246658
2026/06/09 22:34:21.602, 3, 444.71, 100, 38, 246658
2026/06/09 22:34:22.602, 0, 252.23, 0, 33, 248264
2026/06/09 22:34:22.602, 1, 261.31, 0, 33, 248264
2026/06/09 22:34:22.602, 2, 448.11, 100, 38, 246658
2026/06/09 22:34:22.603, 3, 445.39, 100, 38, 246658
2026/06/09 22:34:23.603, 0, 238.14, 0, 33, 248264
2026/06/09 22:34:23.603, 1, 236.38, 0, 33, 248264
2026/06/09 22:34:23.603, 2, 444.81, 100, 38, 246658
2026/06/09 22:34:23.603, 3, 444.81, 100, 38, 246658
2026/06/09 22:34:24.603, 0, 271.10, 0, 33, 248264
2026/06/09 22:34:24.603, 1, 250.46, 0, 33, 248264
2026/06/09 22:34:24.606, 2, 445.44, 100, 38, 246658
2026/06/09 22:34:24.607, 3, 445.19, 100, 38, 246658
2026/06/09 22:34:25.608, 0, 238.14, 0, 33, 248264
2026/06/09 22:34:25.612, 1, 235.97, 0, 33, 248264
2026/06/09 22:34:25.613, 2, 443.55, 100, 38, 246658
2026/06/09 22:34:25.614, 3, 443.05, 100, 38, 246658
2026/06/09 22:34:26.615, 0, 238.14, 0, 33, 248264
2026/06/09 22:34:26.616, 1, 235.75, 0, 33, 248264
2026/06/09 22:34:26.616, 2, 444.52, 100, 38, 246658
2026/06/09 22:34:26.618, 3, 444.19, 100, 38, 246658
2026/06/09 22:34:27.619, 0, 238.14, 0, 33, 248264
2026/06/09 22:34:27.619, 1, 235.36, 0, 33, 248264
2026/06/09 22:34:27.619, 2, 445.33, 100, 38, 246658
2026/06/09 22:34:27.619, 3, 445.96, 100, 38, 246658
2026/06/09 22:34:28.619, 0, 238.14, 0, 33, 248264
2026/06/09 22:34:28.619, 1, 234.96, 0, 33, 248264
2026/06/09 22:34:28.619, 2, 445.13, 100, 38, 246658
2026/06/09 22:34:28.619, 3, 447.87, 100, 38, 246658
2026/06/09 22:34:29.619, 0, 238.14, 0, 33, 248264
2026/06/09 22:34:29.619, 1, 234.98, 0, 33, 248264
2026/06/09 22:34:29.619, 2, 445.90, 100, 38, 246658
2026/06/09 22:34:29.619, 3, 445.32, 100, 38, 246658
2026/06/09 22:34:30.619, 0, 238.14, 0, 33, 248264
2026/06/09 22:34:30.620, 1, 235.12, 0, 33, 248264
2026/06/09 22:34:30.620, 2, 443.98, 100, 38, 246658
2026/06/09 22:34:30.620, 3, 445.38, 100, 38, 246658
2026/06/09 22:34:31.620, 0, 238.14, 0, 33, 248264
2026/06/09 22:34:31.620, 1, 235.09, 0, 33, 248264
2026/06/09 22:34:31.620, 2, 445.68, 100, 38, 246658
2026/06/09 22:34:31.620, 3, 447.32, 100, 38, 246658
2026/06/09 22:34:32.620, 0, 238.14, 0, 33, 248264
2026/06/09 22:34:32.620, 1, 235.31, 0, 33, 248264
2026/06/09 22:34:32.620, 2, 449.39, 100, 38, 246658
2026/06/09 22:34:32.620, 3, 449.12, 100, 38, 246658
2026/06/09 22:34:33.620, 0, 238.14, 0, 33, 248264
2026/06/09 22:34:33.620, 1, 235.36, 0, 33, 248264
2026/06/09 22:34:33.620, 2, 449.03, 100, 38, 246658
2026/06/09 22:34:33.621, 3, 448.98, 100, 38, 246658
2026/06/09 22:34:34.621, 0, 238.14, 0, 33, 248264
2026/06/09 22:34:34.621, 1, 235.30, 0, 33, 248264
2026/06/09 22:34:34.621, 2, 450.10, 100, 38, 246658
2026/06/09 22:34:34.621, 3, 450.04, 100, 38, 246658
2026/06/09 22:34:35.621, 0, 238.14, 0, 33, 248264
2026/06/09 22:34:35.621, 1, 235.83, 0, 33, 248264
2026/06/09 22:34:35.621, 2, 449.36, 100, 38, 246658
2026/06/09 22:34:35.621, 3, 449.08, 100, 38, 246658
2026/06/09 22:34:36.621, 0, 238.14, 0, 33, 248264
2026/06/09 22:34:36.621, 1, 235.00, 0, 33, 248264
2026/06/09 22:34:36.621, 2, 447.99, 100, 38, 246658
2026/06/09 22:34:36.621, 3, 449.70, 100, 38, 246658
2026/06/09 22:34:37.622, 0, 238.14, 0, 33, 248264
2026/06/09 22:34:37.622, 1, 235.46, 0, 33, 248264
2026/06/09 22:34:37.622, 2, 446.66, 100, 38, 246658
2026/06/09 22:34:37.622, 3, 448.35, 100, 38, 246658
2026/06/09 22:34:38.622, 0, 238.14, 0, 33, 248264
2026/06/09 22:34:38.622, 1, 235.81, 0, 33, 248264
2026/06/09 22:34:38.622, 2, 448.53, 100, 38, 246658
2026/06/09 22:34:38.622, 3, 450.10, 100, 38, 246658
2026/06/09 22:34:39.622, 0, 251.22, 0, 33, 248264
2026/06/09 22:34:39.622, 1, 270.72, 0, 34, 248264
2026/06/09 22:34:39.622, 2, 449.39, 100, 38, 246658
2026/06/09 22:34:39.622, 3, 452.01, 100, 38, 246658
2026/06/09 22:34:40.622, 0, 238.14, 0, 33, 248264
2026/06/09 22:34:40.623, 1, 236.94, 0, 33, 248264
2026/06/09 22:34:40.623, 2, 450.64, 100, 38, 246658
2026/06/09 22:34:40.623, 3, 452.22, 100, 38, 246658
2026/06/09 22:34:41.623, 0, 238.14, 0, 33, 248264
2026/06/09 22:34:41.623, 1, 236.34, 0, 33, 248264
2026/06/09 22:34:41.623, 2, 449.32, 100, 38, 246658
2026/06/09 22:34:41.623, 3, 450.83, 100, 38, 246658
2026/06/09 22:34:42.623, 0, 238.14, 0, 33, 248264
2026/06/09 22:34:42.623, 1, 236.21, 0, 33, 248264
2026/06/09 22:34:42.623, 2, 450.08, 100, 38, 246658
2026/06/09 22:34:42.623, 3, 449.92, 100, 38, 246658
2026/06/09 22:34:43.623, 0, 238.14, 0, 33, 248264
2026/06/09 22:34:43.624, 1, 236.71, 0, 33, 248264
2026/06/09 22:34:43.624, 2, 450.30, 100, 38, 246658
2026/06/09 22:34:43.624, 3, 450.72, 100, 38, 246658
2026/06/09 22:34:44.624, 0, 238.14, 0, 33, 248264
2026/06/09 22:34:44.624, 1, 236.54, 0, 33, 248264
2026/06/09 22:34:44.624, 2, 451.43, 100, 38, 246658
2026/06/09 22:34:44.624, 3, 450.95, 100, 38, 246658
2026/06/09 22:34:45.624, 0, 238.14, 0, 33, 248264
2026/06/09 22:34:45.624, 1, 236.53, 0, 33, 248264
2026/06/09 22:34:45.624, 2, 451.81, 100, 38, 246658
2026/06/09 22:34:45.624, 3, 449.79, 100, 39, 246658
2026/06/09 22:34:46.624, 0, 238.14, 0, 33, 248264
2026/06/09 22:34:46.625, 1, 236.28, 0, 33, 248264
2026/06/09 22:34:46.625, 2, 450.27, 100, 38, 246658
2026/06/09 22:34:46.625, 3, 449.95, 100, 39, 246658
2026/06/09 22:34:47.625, 0, 238.14, 0, 33, 248264
2026/06/09 22:34:47.625, 1, 235.95, 0, 33, 248264
2026/06/09 22:34:47.625, 2, 452.75, 100, 38, 246658
2026/06/09 22:34:47.625, 3, 451.75, 100, 38, 246658
2026/06/09 22:34:48.625, 0, 238.14, 0, 33, 248264
2026/06/09 22:34:48.625, 1, 236.70, 0, 33, 248264
2026/06/09 22:34:48.625, 2, 452.96, 100, 38, 246658
2026/06/09 22:34:48.625, 3, 453.23, 100, 39, 246658
2026/06/09 22:34:49.625, 0, 238.14, 0, 33, 248264
2026/06/09 22:34:49.625, 1, 236.69, 0, 33, 248264
2026/06/09 22:34:49.626, 2, 451.09, 100, 38, 246658
2026/06/09 22:34:49.626, 3, 452.58, 100, 39, 246658
2026/06/09 22:34:50.626, 0, 238.22, 0, 33, 248264
2026/06/09 22:34:50.626, 1, 236.37, 0, 33, 248264
2026/06/09 22:34:50.626, 2, 453.20, 100, 38, 246658
2026/06/09 22:34:50.626, 3, 452.25, 100, 39, 246658
2026/06/09 22:34:51.626, 0, 238.14, 0, 33, 248264
2026/06/09 22:34:51.626, 1, 236.02, 0, 33, 248264
2026/06/09 22:34:51.626, 2, 453.07, 100, 38, 246658
2026/06/09 22:34:51.626, 3, 453.11, 100, 39, 246658
2026/06/09 22:34:52.626, 0, 238.14, 0, 33, 248264
2026/06/09 22:34:52.627, 1, 236.41, 0, 33, 248264
2026/06/09 22:34:52.627, 2, 453.27, 100, 38, 246658
2026/06/09 22:34:52.627, 3, 452.76, 100, 39, 246658
2026/06/09 22:34:53.627, 0, 238.22, 0, 33, 248264
2026/06/09 22:34:53.627, 1, 236.45, 0, 33, 248264
2026/06/09 22:34:53.627, 2, 452.51, 100, 38, 246658
2026/06/09 22:34:53.627, 3, 455.29, 100, 39, 246658
2026/06/09 22:34:54.627, 0, 251.76, 0, 33, 248264
2026/06/09 22:34:54.628, 1, 270.28, 0, 34, 248264
2026/06/09 22:34:54.628, 2, 450.70, 100, 38, 246658
2026/06/09 22:34:54.629, 3, 452.64, 100, 39, 246658
2026/06/09 22:34:55.631, 0, 249.82, 0, 34, 248264
2026/06/09 22:34:55.631, 1, 259.66, 0, 34, 248264
2026/06/09 22:34:55.632, 2, 454.02, 100, 39, 246658
2026/06/09 22:34:55.633, 3, 453.84, 100, 39, 246658
2026/06/09 22:34:56.634, 0, 254.40, 0, 34, 248264
2026/06/09 22:34:56.634, 1, 269.78, 18, 34, 248264
2026/06/09 22:34:56.635, 2, 453.07, 100, 38, 246658
2026/06/09 22:34:56.635, 3, 452.46, 98, 39, 246658
2026/06/09 22:34:57.635, 0, 238.14, 0, 33, 248264
2026/06/09 22:34:57.635, 1, 237.36, 0, 33, 248264
2026/06/09 22:34:57.635, 2, 453.12, 100, 39, 246658
2026/06/09 22:34:57.635, 3, 454.20, 100, 39, 246658
2026/06/09 22:34:58.635, 0, 238.22, 0, 33, 248264
2026/06/09 22:34:58.635, 1, 237.33, 0, 33, 248264
2026/06/09 22:34:58.635, 2, 453.01, 100, 38, 246658
2026/06/09 22:34:58.635, 3, 453.13, 100, 39, 246658
2026/06/09 22:34:59.635, 0, 264.75, 0, 34, 248264
2026/06/09 22:34:59.635, 1, 262.62, 0, 34, 248264
2026/06/09 22:34:59.635, 2, 451.28, 100, 39, 246660
2026/06/09 22:34:59.636, 3, 452.80, 100, 39, 246660
2026/06/09 22:35:00.636, 0, 238.22, 0, 33, 248264
2026/06/09 22:35:00.636, 1, 236.06, 0, 33, 248264
2026/06/09 22:35:00.636, 2, 451.26, 100, 38, 246660
2026/06/09 22:35:00.636, 3, 451.26, 100, 39, 246660
2026/06/09 22:35:01.636, 0, 238.14, 0, 33, 248264
2026/06/09 22:35:01.636, 1, 236.38, 0, 33, 248264
2026/06/09 22:35:01.636, 2, 452.57, 100, 39, 246660
2026/06/09 22:35:01.636, 3, 450.95, 100, 39, 246660
2026/06/09 22:35:02.636, 0, 238.14, 0, 33, 248264
2026/06/09 22:35:02.636, 1, 237.11, 0, 33, 248264
2026/06/09 22:35:02.636, 2, 450.58, 100, 39, 246660
2026/06/09 22:35:02.636, 3, 454.49, 100, 39, 246660
2026/06/09 22:35:03.637, 0, 238.22, 0, 33, 248264
2026/06/09 22:35:03.637, 1, 236.53, 0, 33, 248264
2026/06/09 22:35:03.637, 2, 453.44, 100, 39, 246660
2026/06/09 22:35:03.637, 3, 455.43, 100, 39, 246660
2026/06/09 22:35:04.637, 0, 249.90, 6, 34, 248264
2026/06/09 22:35:04.637, 1, 259.09, 49, 34, 248264
2026/06/09 22:35:04.637, 2, 451.40, 98, 39, 246660
2026/06/09 22:35:04.637, 3, 452.55, 100, 39, 246660
2026/06/09 22:35:05.637, 0, 274.46, 37, 35, 248264
2026/06/09 22:35:05.637, 1, 269.46, 26, 35, 248264
2026/06/09 22:35:05.638, 2, 452.60, 100, 39, 246660
2026/06/09 22:35:05.638, 3, 452.72, 100, 39, 246660
2026/06/09 22:35:06.638, 0, 239.09, 0, 34, 248264
2026/06/09 22:35:06.638, 1, 237.45, 0, 34, 248264
2026/06/09 22:35:06.638, 2, 452.45, 100, 39, 246660
2026/06/09 22:35:06.638, 3, 454.26, 100, 39, 246660
2026/06/09 22:35:07.638, 0, 238.38, 0, 34, 248264
2026/06/09 22:35:07.638, 1, 236.96, 0, 34, 248264
2026/06/09 22:35:07.638, 2, 452.78, 100, 39, 246660
2026/06/09 22:35:07.638, 3, 453.00, 100, 39, 246660
2026/06/09 22:35:08.638, 0, 239.22, 0, 34, 248264
2026/06/09 22:35:08.639, 1, 237.84, 0, 33, 248264
2026/06/09 22:35:08.639, 2, 451.19, 100, 39, 246660
2026/06/09 22:35:08.639, 3, 454.88, 100, 39, 246660
2026/06/09 22:35:09.639, 0, 254.74, 0, 34, 248264
2026/06/09 22:35:09.639, 1, 246.85, 0, 34, 248264
2026/06/09 22:35:09.639, 2, 451.77, 100, 39, 246660
2026/06/09 22:35:09.639, 3, 452.91, 100, 39, 246660
2026/06/09 22:35:10.639, 0, 253.12, 24, 34, 248264
2026/06/09 22:35:10.639, 1, 248.04, 7, 34, 248264
2026/06/09 22:35:10.639, 2, 452.29, 100, 39, 246660
2026/06/09 22:35:10.639, 3, 450.49, 100, 39, 246660
2026/06/09 22:35:11.639, 0, 238.75, 0, 34, 248264
2026/06/09 22:35:11.639, 1, 237.11, 0, 34, 248264
2026/06/09 22:35:11.640, 2, 453.61, 100, 39, 246660
2026/06/09 22:35:11.640, 3, 454.47, 100, 39, 246660
2026/06/09 22:35:12.640, 0, 249.70, 0, 34, 248264
2026/06/09 22:35:12.640, 1, 260.49, 0, 34, 248264
2026/06/09 22:35:12.640, 2, 449.19, 100, 39, 246660
2026/06/09 22:35:12.640, 3, 452.32, 100, 39, 246660
2026/06/09 22:35:13.640, 0, 260.60, 0, 34, 248264
2026/06/09 22:35:13.640, 1, 259.73, 0, 34, 248264
2026/06/09 22:35:13.640, 2, 446.34, 100, 39, 246660
2026/06/09 22:35:13.640, 3, 448.77, 100, 39, 246660
2026/06/09 22:35:14.640, 0, 238.22, 0, 34, 248264
2026/06/09 22:35:14.641, 1, 237.43, 0, 34, 248264
2026/06/09 22:35:14.641, 2, 450.53, 100, 39, 246660
2026/06/09 22:35:14.641, 3, 448.39, 100, 39, 246660
2026/06/09 22:35:15.641, 0, 238.22, 0, 34, 248264
2026/06/09 22:35:15.641, 1, 236.86, 0, 34, 248264
2026/06/09 22:35:15.641, 2, 449.21, 100, 39, 246660
2026/06/09 22:35:15.641, 3, 451.31, 100, 39, 246660
2026/06/09 22:35:16.641, 0, 238.30, 0, 34, 248264
2026/06/09 22:35:16.641, 1, 237.43, 0, 34, 248264
2026/06/09 22:35:16.641, 2, 450.33, 100, 39, 246660
2026/06/09 22:35:16.641, 3, 449.76, 100, 39, 246660
2026/06/09 22:35:17.641, 0, 238.13, 0, 34, 248264
2026/06/09 22:35:17.642, 1, 237.11, 0, 34, 248264
2026/06/09 22:35:17.642, 2, 450.47, 100, 39, 246660
2026/06/09 22:35:17.642, 3, 448.77, 100, 39, 246660
2026/06/09 22:35:18.642, 0, 243.11, 0, 34, 248264
2026/06/09 22:35:18.642, 1, 237.15, 0, 34, 248264
2026/06/09 22:35:18.642, 2, 448.33, 100, 39, 246660
2026/06/09 22:35:18.642, 3, 448.12, 100, 39, 246660
2026/06/09 22:35:19.642, 0, 267.17, 0, 34, 248264
2026/06/09 22:35:19.642, 1, 252.14, 0, 34, 248264
2026/06/09 22:35:19.642, 2, 448.14, 100, 39, 246660
2026/06/09 22:35:19.642, 3, 446.74, 100, 39, 246660
2026/06/09 22:35:20.642, 0, 238.30, 0, 34, 248264
2026/06/09 22:35:20.643, 1, 237.45, 0, 34, 248264
2026/06/09 22:35:20.643, 2, 449.50, 100, 39, 246660
2026/06/09 22:35:20.643, 3, 450.09, 100, 39, 246660
2026/06/09 22:35:21.643, 0, 238.22, 0, 34, 248264
2026/06/09 22:35:21.643, 1, 236.98, 0, 34, 248264
2026/06/09 22:35:21.643, 2, 450.19, 100, 39, 246660
2026/06/09 22:35:21.643, 3, 450.16, 100, 39, 246660
2026/06/09 22:35:22.644, 0, 238.37, 0, 34, 248264
2026/06/09 22:35:22.645, 1, 237.25, 0, 34, 248264
2026/06/09 22:35:22.645, 2, 450.35, 100, 39, 246660
2026/06/09 22:35:22.647, 3, 450.68, 100, 39, 246660
2026/06/09 22:35:23.648, 0, 252.53, 0, 34, 248264
2026/06/09 22:35:23.649, 1, 267.06, 0, 34, 248264
2026/06/09 22:35:23.650, 2, 449.23, 100, 39, 246660
2026/06/09 22:35:23.651, 3, 450.52, 100, 39, 246660
2026/06/09 22:35:24.652, 0, 238.53, 0, 34, 248264
2026/06/09 22:35:24.653, 1, 237.45, 0, 34, 248264
2026/06/09 22:35:24.653, 2, 448.97, 100, 39, 246660
2026/06/09 22:35:24.654, 3, 450.42, 100, 39, 246660
2026/06/09 22:35:25.656, 0, 238.22, 0, 34, 248264
2026/06/09 22:35:25.657, 1, 237.17, 0, 34, 248264
2026/06/09 22:35:25.658, 2, 450.86, 100, 39, 246660
2026/06/09 22:35:25.659, 3, 451.15, 100, 39, 246660
2026/06/09 22:35:26.660, 0, 238.22, 0, 34, 248264
2026/06/09 22:35:26.661, 1, 237.30, 0, 34, 248264
2026/06/09 22:35:26.662, 2, 451.67, 100, 39, 246660
2026/06/09 22:35:26.663, 3, 450.12, 100, 39, 246660
2026/06/09 22:35:27.664, 0, 238.30, 0, 34, 248264
2026/06/09 22:35:27.664, 1, 237.16, 0, 34, 248264
2026/06/09 22:35:27.664, 2, 450.02, 100, 39, 246660
2026/06/09 22:35:27.664, 3, 450.67, 100, 39, 246660
2026/06/09 22:35:28.664, 0, 238.14, 0, 34, 248264
2026/06/09 22:35:28.664, 1, 237.61, 0, 34, 248264
2026/06/09 22:35:28.664, 2, 451.56, 100, 39, 246660
2026/06/09 22:35:28.664, 3, 451.77, 100, 39, 246660
2026/06/09 22:35:29.664, 0, 238.22, 0, 34, 248264
2026/06/09 22:35:29.665, 1, 237.57, 0, 34, 248264
2026/06/09 22:35:29.665, 2, 449.05, 100, 39, 246660
2026/06/09 22:35:29.665, 3, 448.64, 100, 39, 246660
2026/06/09 22:35:30.665, 0, 272.13, 0, 34, 248264
2026/06/09 22:35:30.665, 1, 267.84, 0, 34, 248264
2026/06/09 22:35:30.665, 2, 447.55, 100, 39, 246660
2026/06/09 22:35:30.665, 3, 447.98, 100, 39, 246660
2026/06/09 22:35:31.665, 0, 238.44, 0, 34, 248264
2026/06/09 22:35:31.665, 1, 237.54, 0, 34, 248264
2026/06/09 22:35:31.665, 2, 449.26, 100, 39, 246660
2026/06/09 22:35:31.665, 3, 449.61, 100, 39, 246660
2026/06/09 22:35:32.665, 0, 238.22, 0, 34, 248264
2026/06/09 22:35:32.665, 1, 237.52, 0, 34, 248264
2026/06/09 22:35:32.665, 2, 448.18, 100, 39, 246660
2026/06/09 22:35:32.665, 3, 450.75, 100, 39, 246660
2026/06/09 22:35:33.666, 0, 238.22, 0, 34, 248264
2026/06/09 22:35:33.666, 1, 236.90, 0, 34, 248264
2026/06/09 22:35:33.666, 2, 449.41, 100, 39, 246660
2026/06/09 22:35:33.666, 3, 449.21, 100, 39, 246660
2026/06/09 22:35:34.666, 0, 238.30, 0, 34, 248264
2026/06/09 22:35:34.666, 1, 237.54, 0, 34, 248264
2026/06/09 22:35:34.666, 2, 447.97, 100, 39, 246660
2026/06/09 22:35:34.666, 3, 448.51, 100, 39, 246660
2026/06/09 22:35:35.666, 0, 238.30, 0, 34, 248264
2026/06/09 22:35:35.666, 1, 237.68, 0, 34, 248264
2026/06/09 22:35:35.666, 2, 448.49, 100, 39, 246660
2026/06/09 22:35:35.666, 3, 447.69, 100, 39, 246660
2026/06/09 22:35:36.667, 0, 265.85, 53, 34, 248264
2026/06/09 22:35:36.667, 1, 252.26, 0, 34, 248264
2026/06/09 22:35:36.667, 2, 449.76, 98, 39, 246660
2026/06/09 22:35:36.667, 3, 448.89, 100, 39, 246660
2026/06/09 22:35:37.667, 0, 238.61, 0, 34, 248264
2026/06/09 22:35:37.667, 1, 237.64, 0, 34, 248264
2026/06/09 22:35:37.667, 2, 449.38, 100, 39, 246660
2026/06/09 22:35:37.667, 3, 449.92, 100, 39, 246660
2026/06/09 22:35:38.667, 0, 238.68, 0, 34, 248264
2026/06/09 22:35:38.667, 1, 237.44, 0, 34, 248264
2026/06/09 22:35:38.667, 2, 449.81, 100, 39, 246660
2026/06/09 22:35:38.667, 3, 452.17, 100, 39, 246660
2026/06/09 22:35:39.667, 0, 238.38, 0, 34, 248264
2026/06/09 22:35:39.668, 1, 237.49, 0, 34, 248264
2026/06/09 22:35:39.668, 2, 449.61, 100, 39, 246660
2026/06/09 22:35:39.668, 3, 449.82, 100, 39, 246660
2026/06/09 22:35:40.668, 0, 252.97, 0, 34, 248264
2026/06/09 22:35:40.668, 1, 271.16, 0, 34, 248264
2026/06/09 22:35:40.668, 2, 448.96, 100, 39, 246660
2026/06/09 22:35:40.668, 3, 448.80, 100, 39, 246660
2026/06/09 22:35:41.668, 0, 238.30, 0, 34, 248264
2026/06/09 22:35:41.668, 1, 237.54, 0, 34, 248264
2026/06/09 22:35:41.668, 2, 449.08, 100, 39, 246660
2026/06/09 22:35:41.668, 3, 450.89, 100, 39, 246660
2026/06/09 22:35:42.668, 0, 238.22, 0, 34, 248264
2026/06/09 22:35:42.669, 1, 237.64, 0, 34, 248264
2026/06/09 22:35:42.669, 2, 451.13, 100, 39, 246660
2026/06/09 22:35:42.669, 3, 451.73, 100, 39, 246660
2026/06/09 22:35:43.669, 0, 238.60, 0, 34, 248264
2026/06/09 22:35:43.669, 1, 237.69, 0, 34, 248264
2026/06/09 22:35:43.669, 2, 447.73, 100, 39, 246660
2026/06/09 22:35:43.669, 3, 447.02, 100, 39, 246660
2026/06/09 22:35:44.669, 0, 238.22, 0, 34, 248264
2026/06/09 22:35:44.669, 1, 237.43, 0, 34, 248264
2026/06/09 22:35:44.669, 2, 449.14, 100, 39, 246660
2026/06/09 22:35:44.669, 3, 448.74, 100, 39, 246660
2026/06/09 22:35:45.669, 0, 238.38, 0, 34, 248264
2026/06/09 22:35:45.670, 1, 237.54, 0, 34, 248264
2026/06/09 22:35:45.670, 2, 450.77, 100, 39, 246660
2026/06/09 22:35:45.670, 3, 450.28, 100, 39, 246660
2026/06/09 22:35:46.670, 0, 238.29, 0, 34, 248264
2026/06/09 22:35:46.670, 1, 237.21, 0, 34, 248264
2026/06/09 22:35:46.670, 2, 449.95, 100, 39, 246660
2026/06/09 22:35:46.670, 3, 450.58, 100, 39, 246660
2026/06/09 22:35:47.670, 0, 238.30, 0, 34, 248264
2026/06/09 22:35:47.670, 1, 237.35, 0, 34, 248264
2026/06/09 22:35:47.670, 2, 453.64, 100, 39, 246660
2026/06/09 22:35:47.670, 3, 450.94, 100, 39, 246660
2026/06/09 22:35:48.670, 0, 238.46, 0, 34, 248264
2026/06/09 22:35:48.671, 1, 237.49, 0, 34, 248264
2026/06/09 22:35:48.671, 2, 449.49, 100, 39, 246660
2026/06/09 22:35:48.671, 3, 450.70, 100, 39, 246660
2026/06/09 22:35:49.671, 0, 238.60, 0, 34, 248264
2026/06/09 22:35:49.671, 1, 237.18, 0, 34, 248264
2026/06/09 22:35:49.671, 2, 448.38, 100, 39, 246660
2026/06/09 22:35:49.671, 3, 450.01, 100, 39, 246660
2026/06/09 22:35:50.671, 0, 238.53, 0, 34, 248264
2026/06/09 22:35:50.671, 1, 237.38, 0, 34, 248264
2026/06/09 22:35:50.671, 2, 451.66, 100, 39, 246660
2026/06/09 22:35:50.671, 3, 450.49, 100, 39, 246660
2026/06/09 22:35:51.671, 0, 238.46, 0, 34, 248264
2026/06/09 22:35:51.671, 1, 237.58, 0, 34, 248264
2026/06/09 22:35:51.672, 2, 451.67, 100, 39, 246660
2026/06/09 22:35:51.672, 3, 452.60, 100, 39, 246660
2026/06/09 22:35:52.672, 0, 238.29, 0, 34, 248264
2026/06/09 22:35:52.672, 1, 237.34, 0, 34, 248264
2026/06/09 22:35:52.672, 2, 450.45, 100, 39, 246660
2026/06/09 22:35:52.673, 3, 451.95, 100, 39, 246660
2026/06/09 22:35:53.674, 0, 238.45, 0, 34, 248264
2026/06/09 22:35:53.675, 1, 237.56, 0, 34, 248264
2026/06/09 22:35:53.676, 2, 451.34, 100, 39, 246660
2026/06/09 22:35:53.677, 3, 448.93, 100, 39, 246660
2026/06/09 22:35:54.678, 0, 238.46, 0, 34, 248264
2026/06/09 22:35:54.679, 1, 237.32, 0, 34, 248264
2026/06/09 22:35:54.679, 2, 452.95, 100, 39, 246660
2026/06/09 22:35:54.680, 3, 451.54, 100, 39, 246660
2026/06/09 22:35:55.682, 0, 238.30, 0, 34, 248264
2026/06/09 22:35:55.682, 1, 237.40, 0, 34, 248264
2026/06/09 22:35:55.683, 2, 455.08, 100, 39, 246660
2026/06/09 22:35:55.684, 3, 455.20, 100, 39, 246660
2026/06/09 22:35:56.685, 0, 238.45, 0, 34, 248264
2026/06/09 22:35:56.686, 1, 237.62, 0, 34, 248264
2026/06/09 22:35:56.687, 2, 454.42, 100, 39, 246660
2026/06/09 22:35:56.688, 3, 453.36, 100, 39, 246660
2026/06/09 22:35:57.689, 0, 238.22, 0, 34, 248264
2026/06/09 22:35:57.689, 1, 237.24, 0, 34, 248264
2026/06/09 22:35:57.689, 2, 452.89, 100, 39, 246660
2026/06/09 22:35:57.689, 3, 452.25, 100, 39, 246660
2026/06/09 22:35:58.689, 0, 238.30, 0, 34, 248264
2026/06/09 22:35:58.690, 1, 237.28, 0, 34, 248264
2026/06/09 22:35:58.690, 2, 451.65, 100, 39, 246660
2026/06/09 22:35:58.690, 3, 453.17, 100, 39, 246660
2026/06/09 22:35:59.690, 0, 238.29, 0, 34, 248264
2026/06/09 22:35:59.690, 1, 237.31, 0, 34, 248264
2026/06/09 22:35:59.690, 2, 451.67, 100, 39, 246660
2026/06/09 22:35:59.690, 3, 452.27, 100, 39, 246660
2026/06/09 22:36:00.690, 0, 238.38, 0, 34, 248264
2026/06/09 22:36:00.690, 1, 237.46, 0, 34, 248264
2026/06/09 22:36:00.690, 2, 454.28, 100, 39, 246660
2026/06/09 22:36:00.690, 3, 456.51, 100, 39, 246660
2026/06/09 22:36:01.690, 0, 238.46, 0, 34, 248264
2026/06/09 22:36:01.691, 1, 237.04, 0, 34, 248264
2026/06/09 22:36:01.691, 2, 453.48, 100, 39, 246660
2026/06/09 22:36:01.691, 3, 452.94, 100, 39, 246660
2026/06/09 22:36:02.691, 0, 238.22, 0, 34, 248264
2026/06/09 22:36:02.691, 1, 237.20, 0, 34, 248264
2026/06/09 22:36:02.691, 2, 452.07, 100, 39, 246660
2026/06/09 22:36:02.691, 3, 450.52, 100, 39, 246660
2026/06/09 22:36:03.691, 0, 255.72, 0, 34, 248264
2026/06/09 22:36:03.691, 1, 260.29, 0, 34, 248264
2026/06/09 22:36:03.691, 2, 452.62, 100, 39, 246660
2026/06/09 22:36:03.691, 3, 452.67, 100, 39, 246660
2026/06/09 22:36:04.691, 0, 260.03, 75, 34, 248264
2026/06/09 22:36:04.692, 1, 247.17, 6, 34, 248264
2026/06/09 22:36:04.692, 2, 454.30, 100, 39, 246660
2026/06/09 22:36:04.692, 3, 454.15, 100, 39, 246660
2026/06/09 22:36:05.692, 0, 238.76, 0, 34, 248264
2026/06/09 22:36:05.692, 1, 237.55, 0, 34, 248264
2026/06/09 22:36:05.692, 2, 453.18, 100, 39, 246660
2026/06/09 22:36:05.692, 3, 454.72, 100, 39, 246660
2026/06/09 22:36:06.692, 0, 238.14, 0, 34, 248264
2026/06/09 22:36:06.692, 1, 236.90, 0, 34, 248264
2026/06/09 22:36:06.692, 2, 454.40, 100, 39, 246660
2026/06/09 22:36:06.692, 3, 454.05, 100, 39, 246660
2026/06/09 22:36:07.692, 0, 298.78, 31, 38, 248264
2026/06/09 22:36:07.693, 1, 296.56, 77, 37, 248264
2026/06/09 22:36:07.693, 2, 446.27, 100, 38, 246660
2026/06/09 22:36:07.693, 3, 441.61, 100, 38, 246660
2026/06/09 22:36:08.693, 0, 257.64, 0, 34, 248264
2026/06/09 22:36:08.693, 1, 251.60, 0, 34, 248264
2026/06/09 22:36:08.693, 2, 444.19, 100, 39, 246660
2026/06/09 22:36:08.693, 3, 449.54, 100, 39, 246660
2026/06/09 22:36:09.693, 0, 238.14, 0, 34, 248264
2026/06/09 22:36:09.693, 1, 237.37, 0, 34, 248264
2026/06/09 22:36:09.693, 2, 450.85, 100, 39, 246660
2026/06/09 22:36:09.693, 3, 450.55, 100, 39, 246660
2026/06/09 22:36:10.693, 0, 238.22, 0, 34, 248264
2026/06/09 22:36:10.694, 1, 236.93, 0, 33, 248264
2026/06/09 22:36:10.694, 2, 446.79, 100, 39, 246660
2026/06/09 22:36:10.694, 3, 446.69, 100, 39, 246660
2026/06/09 22:36:11.694, 0, 238.14, 0, 33, 248264
2026/06/09 22:36:11.694, 1, 237.20, 0, 33, 248264
2026/06/09 22:36:11.694, 2, 447.69, 100, 39, 246660
2026/06/09 22:36:11.694, 3, 446.01, 100, 39, 246660
2026/06/09 22:36:12.694, 0, 256.09, 0, 34, 248264
2026/06/09 22:36:12.694, 1, 266.30, 0, 34, 248264
2026/06/09 22:36:12.694, 2, 447.67, 100, 38, 246660
2026/06/09 22:36:12.694, 3, 448.71, 100, 39, 246660
2026/06/09 22:36:13.694, 0, 273.73, 0, 34, 248264
2026/06/09 22:36:13.695, 1, 258.19, 0, 34, 248264
2026/06/09 22:36:13.695, 2, 449.83, 98, 39, 246660
2026/06/09 22:36:13.695, 3, 452.55, 100, 39, 246660
2026/06/09 22:36:14.695, 0, 238.22, 0, 34, 248264
2026/06/09 22:36:14.695, 1, 237.21, 0, 33, 248264
2026/06/09 22:36:14.695, 2, 451.16, 100, 38, 246660
2026/06/09 22:36:14.695, 3, 451.89, 100, 39, 246660
2026/06/09 22:36:15.695, 0, 238.22, 0, 33, 248264
2026/06/09 22:36:15.695, 1, 236.52, 0, 33, 248264
2026/06/09 22:36:15.695, 2, 450.69, 100, 38, 246660
2026/06/09 22:36:15.695, 3, 452.91, 100, 39, 246660
2026/06/09 22:36:16.695, 0, 238.14, 0, 33, 248264
2026/06/09 22:36:16.695, 1, 236.77, 0, 33, 248264
2026/06/09 22:36:16.696, 2, 452.89, 100, 38, 246660
2026/06/09 22:36:16.696, 3, 453.02, 100, 39, 246660
2026/06/09 22:36:17.696, 0, 238.14, 0, 33, 248264
2026/06/09 22:36:17.696, 1, 236.80, 0, 33, 248264
2026/06/09 22:36:17.696, 2, 449.34, 100, 38, 246660
2026/06/09 22:36:17.696, 3, 448.91, 100, 39, 246660
2026/06/09 22:36:18.696, 0, 238.22, 0, 33, 248264
2026/06/09 22:36:18.696, 1, 236.27, 0, 33, 248264
2026/06/09 22:36:18.696, 2, 451.42, 100, 39, 246660
2026/06/09 22:36:18.696, 3, 452.88, 100, 39, 246660
2026/06/09 22:36:19.696, 0, 238.14, 0, 33, 248264
2026/06/09 22:36:19.696, 1, 236.29, 0, 33, 248264
2026/06/09 22:36:19.696, 2, 449.82, 100, 38, 246660
2026/06/09 22:36:19.697, 3, 452.50, 100, 39, 246660
2026/06/09 22:36:20.698, 0, 238.14, 0, 33, 248264
2026/06/09 22:36:20.699, 1, 236.35, 0, 33, 248264
2026/06/09 22:36:20.700, 2, 450.44, 100, 38, 246660
2026/06/09 22:36:20.701, 3, 451.76, 100, 39, 246660
2026/06/09 22:36:21.702, 0, 238.14, 0, 33, 248264
2026/06/09 22:36:21.703, 1, 235.92, 0, 33, 248264
2026/06/09 22:36:21.704, 2, 450.50, 100, 38, 246660
2026/06/09 22:36:21.705, 3, 450.90, 100, 39, 246660
2026/06/09 22:36:22.706, 0, 238.14, 0, 33, 248264
2026/06/09 22:36:22.707, 1, 236.78, 0, 33, 248264
2026/06/09 22:36:22.707, 2, 450.34, 100, 38, 246660
2026/06/09 22:36:22.708, 3, 453.69, 100, 39, 246660
2026/06/09 22:36:23.710, 0, 238.22, 0, 33, 248264
2026/06/09 22:36:23.710, 1, 236.04, 0, 33, 248264
2026/06/09 22:36:23.711, 2, 451.59, 100, 38, 246660
2026/06/09 22:36:23.712, 3, 453.79, 100, 39, 246660
2026/06/09 22:36:24.713, 0, 238.14, 0, 33, 248264
2026/06/09 22:36:24.714, 1, 236.40, 0, 33, 248264
2026/06/09 22:36:24.715, 2, 451.31, 100, 38, 246660
2026/06/09 22:36:24.716, 3, 452.55, 100, 39, 246660
2026/06/09 22:36:25.717, 0, 238.14, 0, 33, 248264
2026/06/09 22:36:25.718, 1, 236.70, 0, 33, 248264
2026/06/09 22:36:25.719, 2, 453.13, 100, 38, 246660
2026/06/09 22:36:25.721, 3, 453.95, 100, 39, 246660
2026/06/09 22:36:26.722, 0, 238.14, 0, 33, 248264
2026/06/09 22:36:26.722, 1, 236.68, 0, 33, 248264
2026/06/09 22:36:26.723, 2, 451.54, 100, 38, 246660
2026/06/09 22:36:26.724, 3, 453.35, 100, 39, 246660
2026/06/09 22:36:27.725, 0, 238.14, 0, 33, 248264
2026/06/09 22:36:27.725, 1, 236.06, 0, 33, 248264
2026/06/09 22:36:27.725, 2, 452.00, 100, 38, 246660
2026/06/09 22:36:27.726, 3, 455.87, 100, 39, 246660
2026/06/09 22:36:28.726, 0, 238.14, 0, 33, 248264
2026/06/09 22:36:28.726, 1, 236.55, 0, 33, 248264
2026/06/09 22:36:28.726, 2, 453.02, 100, 38, 246660
2026/06/09 22:36:28.726, 3, 453.14, 100, 39, 246660
2026/06/09 22:36:29.726, 0, 242.53, 0, 33, 248264
2026/06/09 22:36:29.726, 1, 239.06, 0, 33, 248264
2026/06/09 22:36:29.726, 2, 452.19, 100, 38, 246660
2026/06/09 22:36:29.726, 3, 451.70, 100, 39, 246660
2026/06/09 22:36:30.726, 0, 247.74, 0, 33, 248264
2026/06/09 22:36:30.726, 1, 258.40, 0, 33, 248264
2026/06/09 22:36:30.726, 2, 449.16, 100, 38, 246660
2026/06/09 22:36:30.726, 3, 448.22, 100, 38, 246660
2026/06/09 22:36:31.727, 0, 258.64, 0, 33, 248264
2026/06/09 22:36:31.727, 1, 256.83, 0, 33, 248264
2026/06/09 22:36:31.727, 2, 448.52, 100, 38, 246660
2026/06/09 22:36:31.727, 3, 448.67, 100, 38, 246660
2026/06/09 22:36:32.727, 0, 238.14, 0, 33, 248264
2026/06/09 22:36:32.727, 1, 236.20, 0, 33, 248264
2026/06/09 22:36:32.727, 2, 449.28, 100, 38, 246660
2026/06/09 22:36:32.727, 3, 448.93, 100, 38, 246660
2026/06/09 22:36:33.727, 0, 238.14, 0, 33, 248264
2026/06/09 22:36:33.727, 1, 236.25, 0, 33, 248264
2026/06/09 22:36:33.727, 2, 450.20, 100, 38, 246660
2026/06/09 22:36:33.727, 3, 451.81, 100, 38, 246660
2026/06/09 22:36:34.727, 0, 238.13, 0, 33, 248264
2026/06/09 22:36:34.728, 1, 235.52, 0, 33, 248264
2026/06/09 22:36:34.728, 2, 450.86, 100, 38, 246660
2026/06/09 22:36:34.728, 3, 450.00, 100, 38, 246660
2026/06/09 22:36:35.728, 0, 238.14, 0, 33, 248264
2026/06/09 22:36:35.728, 1, 236.81, 0, 33, 248264
2026/06/09 22:36:35.728, 2, 449.09, 100, 38, 246660
2026/06/09 22:36:35.728, 3, 451.12, 100, 38, 246660
2026/06/09 22:36:36.728, 0, 238.14, 0, 33, 248264
2026/06/09 22:36:36.728, 1, 236.15, 0, 33, 248264
2026/06/09 22:36:36.728, 2, 448.45, 100, 38, 246660
2026/06/09 22:36:36.728, 3, 448.41, 100, 38, 246660
2026/06/09 22:36:37.728, 0, 238.14, 0, 33, 248264
2026/06/09 22:36:37.729, 1, 235.82, 0, 33, 248264
2026/06/09 22:36:37.729, 2, 450.92, 100, 38, 246660
2026/06/09 22:36:37.729, 3, 449.76, 100, 38, 246660
2026/06/09 22:36:38.729, 0, 238.14, 0, 33, 248264
2026/06/09 22:36:38.729, 1, 236.34, 0, 33, 248264
2026/06/09 22:36:38.729, 2, 450.23, 100, 38, 246660
2026/06/09 22:36:38.729, 3, 450.93, 100, 38, 246660
2026/06/09 22:36:39.729, 0, 238.14, 0, 33, 248264
2026/06/09 22:36:39.729, 1, 235.18, 0, 33, 248264
2026/06/09 22:36:39.729, 2, 448.80, 100, 38, 246660
2026/06/09 22:36:39.729, 3, 451.30, 100, 38, 246660
2026/06/09 22:36:40.729, 0, 238.14, 0, 33, 248264
2026/06/09 22:36:40.730, 1, 235.03, 0, 33, 248264
2026/06/09 22:36:40.730, 2, 450.15, 100, 38, 246660
2026/06/09 22:36:40.730, 3, 450.69, 100, 38, 246660
2026/06/09 22:36:41.730, 0, 238.14, 0, 33, 248264
2026/06/09 22:36:41.730, 1, 235.78, 0, 33, 248264
2026/06/09 22:36:41.730, 2, 449.18, 100, 38, 246660
2026/06/09 22:36:41.730, 3, 450.11, 100, 38, 246660
2026/06/09 22:36:42.730, 0, 238.14, 0, 33, 248264
2026/06/09 22:36:42.730, 1, 235.35, 0, 33, 248264
2026/06/09 22:36:42.730, 2, 449.48, 100, 38, 246660
2026/06/09 22:36:42.730, 3, 449.51, 100, 38, 246660
2026/06/09 22:36:43.730, 0, 238.14, 0, 33, 248264
2026/06/09 22:36:43.731, 1, 235.79, 0, 33, 248264
2026/06/09 22:36:43.731, 2, 451.58, 100, 38, 246660
2026/06/09 22:36:43.731, 3, 451.81, 100, 38, 246660
2026/06/09 22:36:44.731, 0, 238.14, 0, 33, 248264
2026/06/09 22:36:44.731, 1, 235.28, 0, 33, 248264
2026/06/09 22:36:44.731, 2, 450.39, 100, 38, 246660
2026/06/09 22:36:44.731, 3, 451.00, 100, 38, 246660
2026/06/09 22:36:45.731, 0, 238.14, 0, 33, 248264
2026/06/09 22:36:45.731, 1, 235.77, 0, 33, 248264
2026/06/09 22:36:45.731, 2, 451.73, 100, 38, 246660
2026/06/09 22:36:45.731, 3, 451.71, 100, 38, 246660
2026/06/09 22:36:46.731, 0, 238.14, 0, 33, 248264
2026/06/09 22:36:46.731, 1, 235.07, 0, 33, 248264
2026/06/09 22:36:46.731, 2, 452.95, 100, 38, 246660
2026/06/09 22:36:46.731, 3, 452.68, 100, 38, 246660
2026/06/09 22:36:47.732, 0, 238.14, 0, 33, 248264
2026/06/09 22:36:47.732, 1, 234.89, 0, 33, 248264
2026/06/09 22:36:47.732, 2, 450.94, 100, 38, 246660
2026/06/09 22:36:47.732, 3, 453.53, 100, 38, 246660
2026/06/09 22:36:48.732, 0, 238.14, 0, 33, 248264
2026/06/09 22:36:48.732, 1, 235.40, 0, 33, 248264
2026/06/09 22:36:48.732, 2, 451.86, 100, 38, 246660
2026/06/09 22:36:48.732, 3, 452.82, 100, 38, 246660
2026/06/09 22:36:49.732, 0, 238.14, 0, 33, 248264
2026/06/09 22:36:49.732, 1, 235.33, 0, 33, 248264
2026/06/09 22:36:49.732, 2, 451.42, 100, 38, 246660
2026/06/09 22:36:49.732, 3, 450.25, 100, 38, 246660
2026/06/09 22:36:50.732, 0, 238.14, 0, 33, 248264
2026/06/09 22:36:50.732, 1, 235.71, 0, 33, 248264
2026/06/09 22:36:50.732, 2, 450.89, 100, 38, 246660
2026/06/09 22:36:50.732, 3, 453.39, 100, 38, 246660
2026/06/09 22:36:51.733, 0, 238.14, 0, 33, 248264
2026/06/09 22:36:51.733, 1, 235.17, 0, 33, 248264
2026/06/09 22:36:51.733, 2, 453.63, 100, 38, 246660
2026/06/09 22:36:51.733, 3, 451.79, 100, 38, 246660
2026/06/09 22:36:52.733, 0, 238.14, 0, 33, 248264
2026/06/09 22:36:52.733, 1, 234.97, 0, 33, 248264
2026/06/09 22:36:52.733, 2, 451.38, 100, 38, 246660
2026/06/09 22:36:52.733, 3, 452.17, 100, 38, 246660
2026/06/09 22:36:53.733, 0, 238.14, 0, 33, 248264
2026/06/09 22:36:53.733, 1, 235.74, 0, 33, 248264
2026/06/09 22:36:53.733, 2, 455.36, 100, 38, 246660
2026/06/09 22:36:53.733, 3, 455.11, 100, 38, 246660
2026/06/09 22:36:54.733, 0, 238.14, 0, 33, 248264
2026/06/09 22:36:54.733, 1, 235.02, 0, 33, 248264
2026/06/09 22:36:54.733, 2, 453.07, 100, 38, 246660
2026/06/09 22:36:54.734, 3, 452.30, 100, 38, 246660
2026/06/09 22:36:55.734, 0, 238.14, 0, 33, 248264
2026/06/09 22:36:55.734, 1, 235.34, 0, 33, 248264
2026/06/09 22:36:55.734, 2, 453.24, 100, 38, 246660
2026/06/09 22:36:55.734, 3, 452.81, 100, 38, 246660
2026/06/09 22:36:56.734, 0, 266.20, 0, 33, 248264
2026/06/09 22:36:56.734, 1, 261.23, 0, 33, 248264
2026/06/09 22:36:56.734, 2, 452.29, 100, 38, 246660
2026/06/09 22:36:56.734, 3, 454.62, 100, 38, 246660
2026/06/09 22:36:57.734, 0, 238.14, 0, 33, 248264
2026/06/09 22:36:57.734, 1, 236.22, 0, 33, 248264
2026/06/09 22:36:57.734, 2, 454.54, 100, 38, 246660
2026/06/09 22:36:57.735, 3, 455.47, 100, 38, 246660
2026/06/09 22:36:58.735, 0, 238.14, 0, 33, 248264
2026/06/09 22:36:58.735, 1, 235.20, 0, 33, 248264
2026/06/09 22:36:58.735, 2, 453.66, 100, 38, 246660
2026/06/09 22:36:58.735, 3, 455.46, 100, 38, 246660
2026/06/09 22:36:59.735, 0, 238.14, 0, 33, 248264
2026/06/09 22:36:59.735, 1, 235.49, 0, 33, 248264
2026/06/09 22:36:59.735, 2, 450.76, 100, 38, 246660
2026/06/09 22:36:59.735, 3, 452.74, 100, 38, 246660
2026/06/09 22:37:00.735, 0, 238.14, 0, 33, 248264
2026/06/09 22:37:00.735, 1, 234.88, 0, 33, 248264
2026/06/09 22:37:00.736, 2, 449.52, 100, 38, 246660
2026/06/09 22:37:00.736, 3, 449.03, 100, 38, 246660
2026/06/09 22:37:01.736, 0, 238.14, 0, 33, 248264
2026/06/09 22:37:01.736, 1, 235.13, 0, 33, 248264
2026/06/09 22:37:01.736, 2, 451.07, 100, 38, 246660
2026/06/09 22:37:01.736, 3, 453.33, 100, 38, 246660
2026/06/09 22:37:02.736, 0, 238.14, 0, 33, 248264
2026/06/09 22:37:02.736, 1, 235.04, 0, 33, 248264
2026/06/09 22:37:02.736, 2, 453.14, 100, 38, 246660
2026/06/09 22:37:02.736, 3, 453.73, 100, 38, 246660
2026/06/09 22:37:03.736, 0, 238.14, 0, 33, 248264
2026/06/09 22:37:03.737, 1, 234.93, 0, 33, 248264
2026/06/09 22:37:03.737, 2, 455.45, 100, 38, 246660
2026/06/09 22:37:03.737, 3, 453.33, 100, 38, 246660
2026/06/09 22:37:04.737, 0, 238.14, 0, 33, 248264
2026/06/09 22:37:04.737, 1, 234.51, 0, 33, 248264
2026/06/09 22:37:04.737, 2, 451.48, 100, 38, 246660
2026/06/09 22:37:04.737, 3, 453.73, 100, 38, 246660
2026/06/09 22:37:05.737, 0, 238.14, 0, 33, 248264
2026/06/09 22:37:05.737, 1, 235.12, 0, 33, 248264
2026/06/09 22:37:05.737, 2, 454.37, 100, 38, 246660
2026/06/09 22:37:05.737, 3, 455.70, 100, 38, 246660
2026/06/09 22:37:06.737, 0, 238.14, 0, 33, 248264
2026/06/09 22:37:06.738, 1, 235.22, 0, 33, 248264
2026/06/09 22:37:06.738, 2, 454.07, 100, 38, 246660
2026/06/09 22:37:06.738, 3, 455.06, 100, 38, 246660
2026/06/09 22:37:07.738, 0, 238.83, 0, 33, 248264
2026/06/09 22:37:07.738, 1, 235.65, 2, 33, 248264
2026/06/09 22:37:07.738, 2, 454.69, 100, 38, 246660
2026/06/09 22:37:07.738, 3, 456.11, 100, 38, 246660
2026/06/09 22:37:08.738, 0, 238.75, 0, 33, 248264
2026/06/09 22:37:08.738, 1, 236.69, 0, 33, 248264
2026/06/09 22:37:08.738, 2, 453.28, 100, 38, 246660
2026/06/09 22:37:08.738, 3, 453.39, 100, 38, 246660
2026/06/09 22:37:09.738, 0, 238.14, 0, 33, 248264
2026/06/09 22:37:09.739, 1, 235.39, 0, 33, 248264
2026/06/09 22:37:09.739, 2, 454.71, 100, 38, 246660
2026/06/09 22:37:09.739, 3, 454.42, 100, 38, 246660
2026/06/09 22:37:10.739, 0, 238.14, 0, 33, 248264
2026/06/09 22:37:10.739, 1, 236.01, 0, 33, 248264
2026/06/09 22:37:10.739, 2, 455.17, 100, 38, 246660
2026/06/09 22:37:10.739, 3, 452.86, 100, 38, 246660
2026/06/09 22:37:11.739, 0, 277.32, 0, 34, 248264
2026/06/09 22:37:11.739, 1, 275.20, 0, 33, 248264
2026/06/09 22:37:11.739, 2, 453.53, 100, 38, 246660
2026/06/09 22:37:11.739, 3, 455.72, 100, 38, 246660
2026/06/09 22:37:12.739, 0, 238.14, 0, 33, 248264
2026/06/09 22:37:12.740, 1, 236.67, 0, 33, 248264
2026/06/09 22:37:12.740, 2, 452.65, 100, 38, 246660
2026/06/09 22:37:12.740, 3, 452.81, 100, 38, 246660
2026/06/09 22:37:13.740, 0, 238.14, 0, 33, 248264
2026/06/09 22:37:13.740, 1, 236.29, 0, 33, 248264
2026/06/09 22:37:13.740, 2, 450.74, 100, 38, 246660
2026/06/09 22:37:13.740, 3, 451.46, 100, 38, 246660
2026/06/09 22:37:14.740, 0, 238.22, 0, 33, 248264
2026/06/09 22:37:14.740, 1, 235.96, 0, 33, 248264
2026/06/09 22:37:14.740, 2, 450.33, 100, 38, 246660
2026/06/09 22:37:14.740, 3, 451.43, 100, 38, 246660
2026/06/09 22:37:15.740, 0, 238.14, 0, 33, 248264
2026/06/09 22:37:15.741, 1, 236.19, 0, 33, 248264
2026/06/09 22:37:15.741, 2, 451.60, 100, 38, 246660
2026/06/09 22:37:15.741, 3, 452.01, 100, 39, 246660
2026/06/09 22:37:16.741, 0, 238.14, 0, 33, 248264
2026/06/09 22:37:16.741, 1, 235.87, 0, 33, 248264
2026/06/09 22:37:16.741, 2, 451.25, 100, 38, 246660
2026/06/09 22:37:16.741, 3, 451.90, 100, 39, 246660
2026/06/09 22:37:17.741, 0, 238.14, 0, 33, 248264
2026/06/09 22:37:17.741, 1, 235.97, 0, 33, 248264
2026/06/09 22:37:17.741, 2, 451.53, 100, 38, 246660
2026/06/09 22:37:17.741, 3, 451.68, 100, 39, 246660
2026/06/09 22:37:18.741, 0, 238.14, 0, 33, 248264
2026/06/09 22:37:18.741, 1, 236.05, 0, 33, 248264
2026/06/09 22:37:18.741, 2, 450.99, 100, 38, 246660
2026/06/09 22:37:18.742, 3, 452.24, 100, 39, 246660
2026/06/09 22:37:19.742, 0, 238.14, 0, 33, 248264
2026/06/09 22:37:19.742, 1, 236.21, 0, 33, 248264
2026/06/09 22:37:19.742, 2, 451.04, 100, 38, 246660
2026/06/09 22:37:19.742, 3, 451.83, 100, 39, 246660
2026/06/09 22:37:20.742, 0, 238.14, 0, 33, 248264
2026/06/09 22:37:20.742, 1, 236.62, 0, 33, 248264
2026/06/09 22:37:20.742, 2, 452.26, 100, 38, 246660
2026/06/09 22:37:20.742, 3, 451.80, 100, 39, 246660
2026/06/09 22:37:21.742, 0, 238.14, 0, 33, 248264
2026/06/09 22:37:21.742, 1, 238.38, 0, 33, 248264
2026/06/09 22:37:21.742, 2, 454.06, 100, 38, 246660
2026/06/09 22:37:21.742, 3, 454.88, 100, 39, 246660
2026/06/09 22:37:22.742, 0, 253.52, 0, 33, 248264
2026/06/09 22:37:22.743, 1, 271.66, 0, 33, 248264
2026/06/09 22:37:22.743, 2, 455.01, 100, 39, 246660
2026/06/09 22:37:22.743, 3, 456.02, 100, 39, 246660
2026/06/09 22:37:23.743, 0, 287.80, 0, 34, 248264
2026/06/09 22:37:23.743, 1, 279.05, 0, 34, 248264
2026/06/09 22:37:23.744, 2, 451.88, 100, 38, 246660
2026/06/09 22:37:23.745, 3, 451.70, 100, 39, 246660
2026/06/09 22:37:24.746, 0, 238.14, 0, 33, 248264
2026/06/09 22:37:24.747, 1, 237.10, 0, 33, 248264
2026/06/09 22:37:24.747, 2, 453.54, 100, 39, 246660
2026/06/09 22:37:24.748, 3, 453.54, 100, 39, 246660
2026/06/09 22:37:25.749, 0, 238.22, 0, 33, 248264
2026/06/09 22:37:25.750, 1, 236.40, 0, 33, 248264
2026/06/09 22:37:25.751, 2, 452.02, 100, 39, 246660
2026/06/09 22:37:25.752, 3, 452.60, 100, 39, 246660
2026/06/09 22:37:26.753, 0, 238.14, 0, 33, 248264
2026/06/09 22:37:26.754, 1, 236.53, 0, 33, 248264
2026/06/09 22:37:26.755, 2, 449.95, 100, 39, 246660
2026/06/09 22:37:26.756, 3, 452.29, 100, 39, 246660
2026/06/09 22:37:27.757, 0, 238.14, 0, 33, 248264
2026/06/09 22:37:27.757, 1, 236.35, 0, 33, 248264
2026/06/09 22:37:27.757, 2, 450.73, 100, 38, 246660
2026/06/09 22:37:27.757, 3, 451.56, 100, 39, 246660
2026/06/09 22:37:28.757, 0, 238.14, 0, 33, 248264
2026/06/09 22:37:28.757, 1, 236.31, 0, 33, 248264
2026/06/09 22:37:28.757, 2, 449.74, 100, 38, 246660
2026/06/09 22:37:28.757, 3, 448.98, 100, 39, 246660
2026/06/09 22:37:29.757, 0, 238.14, 0, 33, 248264
2026/06/09 22:37:29.758, 1, 236.28, 0, 33, 248264
2026/06/09 22:37:29.758, 2, 450.48, 100, 38, 246660
2026/06/09 22:37:29.758, 3, 451.81, 100, 39, 246660
2026/06/09 22:37:30.758, 0, 238.14, 0, 33, 248264
2026/06/09 22:37:30.758, 1, 236.39, 0, 33, 248264
2026/06/09 22:37:30.758, 2, 450.86, 100, 38, 246660
2026/06/09 22:37:30.758, 3, 450.52, 100, 39, 246660
2026/06/09 22:37:31.758, 0, 238.14, 0, 33, 248264
2026/06/09 22:37:31.758, 1, 236.43, 0, 33, 248264
2026/06/09 22:37:31.758, 2, 452.57, 100, 38, 246660
2026/06/09 22:37:31.758, 3, 453.64, 100, 39, 246660
2026/06/09 22:37:32.758, 0, 238.14, 0, 33, 248264
2026/06/09 22:37:32.759, 1, 236.54, 0, 33, 248264
2026/06/09 22:37:32.759, 2, 451.84, 100, 38, 246660
2026/06/09 22:37:32.759, 3, 453.57, 100, 39, 246660
2026/06/09 22:37:33.759, 0, 238.14, 0, 33, 248264
2026/06/09 22:37:33.759, 1, 236.05, 0, 33, 248264
2026/06/09 22:37:33.759, 2, 452.88, 100, 39, 246660
2026/06/09 22:37:33.759, 3, 452.07, 100, 39, 246660
2026/06/09 22:37:34.759, 0, 238.14, 0, 33, 248264
2026/06/09 22:37:34.759, 1, 236.70, 0, 33, 248264
2026/06/09 22:37:34.759, 2, 452.37, 100, 39, 246660
2026/06/09 22:37:34.759, 3, 453.88, 100, 39, 246660
2026/06/09 22:37:35.759, 0, 238.14, 0, 33, 248264
2026/06/09 22:37:35.759, 1, 236.16, 0, 33, 248264
2026/06/09 22:37:35.759, 2, 454.56, 100, 39, 246660
2026/06/09 22:37:35.760, 3, 453.64, 100, 39, 246660
2026/06/09 22:37:36.760, 0, 238.14, 0, 33, 248264
2026/06/09 22:37:36.760, 1, 236.39, 0, 33, 248264
2026/06/09 22:37:36.760, 2, 453.28, 100, 39, 246660
2026/06/09 22:37:36.760, 3, 455.16, 100, 39, 246660
2026/06/09 22:37:37.760, 0, 238.14, 0, 33, 248264
2026/06/09 22:37:37.760, 1, 236.75, 0, 33, 248264
2026/06/09 22:37:37.760, 2, 455.02, 100, 39, 246660
2026/06/09 22:37:37.760, 3, 454.48, 100, 39, 246660
2026/06/09 22:37:38.760, 0, 264.39, 0, 34, 248264
2026/06/09 22:37:38.760, 1, 265.82, 0, 34, 248264
2026/06/09 22:37:38.760, 2, 452.83, 100, 39, 246660
2026/06/09 22:37:38.760, 3, 453.16, 100, 39, 246660
2026/06/09 22:37:39.760, 0, 251.33, 0, 34, 248264
2026/06/09 22:37:39.761, 1, 253.41, 0, 34, 248264
2026/06/09 22:37:39.761, 2, 453.80, 100, 39, 246660
2026/06/09 22:37:39.761, 3, 453.82, 100, 39, 246660
2026/06/09 22:37:40.761, 0, 238.37, 0, 34, 248264
2026/06/09 22:37:40.761, 1, 237.07, 0, 34, 248264
2026/06/09 22:37:40.761, 2, 457.00, 100, 39, 246660
2026/06/09 22:37:40.761, 3, 456.23, 100, 39, 246660
2026/06/09 22:37:41.761, 0, 238.22, 0, 34, 248264
2026/06/09 22:37:41.761, 1, 236.80, 0, 34, 248264
2026/06/09 22:37:41.761, 2, 456.65, 100, 39, 246660
2026/06/09 22:37:41.761, 3, 457.61, 100, 39, 246660
2026/06/09 22:37:42.761, 0, 238.22, 0, 34, 248264
2026/06/09 22:37:42.762, 1, 236.65, 0, 34, 248264
2026/06/09 22:37:42.762, 2, 455.80, 100, 39, 246660
2026/06/09 22:37:42.762, 3, 457.22, 100, 39, 246660
2026/06/09 22:37:43.762, 0, 238.14, 0, 34, 248264
2026/06/09 22:37:43.762, 1, 237.11, 0, 34, 248264
2026/06/09 22:37:43.762, 2, 456.31, 100, 39, 246660
2026/06/09 22:37:43.762, 3, 457.79, 100, 39, 246660
2026/06/09 22:37:44.762, 0, 238.14, 0, 34, 248264
2026/06/09 22:37:44.762, 1, 237.28, 0, 34, 248264
2026/06/09 22:37:44.762, 2, 454.13, 100, 39, 246660
2026/06/09 22:37:44.762, 3, 456.78, 100, 39, 246660
2026/06/09 22:37:45.762, 0, 238.14, 0, 34, 248264
2026/06/09 22:37:45.763, 1, 236.77, 0, 34, 248264
2026/06/09 22:37:45.763, 2, 452.98, 100, 39, 246660
2026/06/09 22:37:45.763, 3, 452.09, 100, 39, 246660
2026/06/09 22:37:46.763, 0, 238.14, 0, 34, 248264
2026/06/09 22:37:46.763, 1, 236.98, 0, 34, 248264
2026/06/09 22:37:46.763, 2, 454.08, 100, 39, 246660
2026/06/09 22:37:46.763, 3, 454.52, 100, 39, 246660
2026/06/09 22:37:47.763, 0, 238.37, 0, 34, 248264
2026/06/09 22:37:47.763, 1, 236.89, 0, 34, 248264
2026/06/09 22:37:47.763, 2, 455.12, 100, 39, 246660
2026/06/09 22:37:47.763, 3, 455.45, 100, 39, 246660
2026/06/09 22:37:48.763, 0, 238.14, 0, 34, 248264
2026/06/09 22:37:48.764, 1, 237.17, 0, 34, 248264
2026/06/09 22:37:48.764, 2, 455.21, 100, 39, 246660
2026/06/09 22:37:48.764, 3, 456.90, 100, 39, 246660
2026/06/09 22:37:49.764, 0, 238.14, 0, 34, 248264
2026/06/09 22:37:49.764, 1, 237.12, 0, 34, 248264
2026/06/09 22:37:49.764, 2, 457.31, 100, 39, 246660
2026/06/09 22:37:49.764, 3, 457.57, 100, 39, 246660
2026/06/09 22:37:50.764, 0, 238.21, 0, 34, 248264
2026/06/09 22:37:50.764, 1, 237.09, 0, 34, 248264
2026/06/09 22:37:50.764, 2, 456.63, 100, 39, 246660
2026/06/09 22:37:50.764, 3, 454.99, 100, 39, 246660
2026/06/09 22:37:51.764, 0, 238.14, 0, 34, 248264
2026/06/09 22:37:51.764, 1, 237.14, 0, 34, 248264
2026/06/09 22:37:51.765, 2, 457.67, 100, 39, 246660
2026/06/09 22:37:51.765, 3, 456.64, 100, 39, 246660
2026/06/09 22:37:52.765, 0, 238.22, 0, 34, 248264
2026/06/09 22:37:52.766, 1, 237.34, 0, 34, 248264
2026/06/09 22:37:52.767, 2, 456.69, 100, 39, 246660
2026/06/09 22:37:52.768, 3, 461.02, 100, 39, 246660
2026/06/09 22:37:53.769, 0, 238.12, 0, 34, 248264
2026/06/09 22:37:53.779, 1, 236.96, 0, 34, 248264
2026/06/09 22:37:53.779, 2, 457.02, 100, 39, 246660
2026/06/09 22:37:53.780, 3, 455.87, 100, 39, 246660
2026/06/09 22:37:54.781, 0, 238.30, 0, 34, 248264
2026/06/09 22:37:54.782, 1, 237.32, 0, 34, 248264
2026/06/09 22:37:54.783, 2, 455.69, 100, 39, 246660
2026/06/09 22:37:54.784, 3, 458.52, 100, 39, 246660
2026/06/09 22:37:55.785, 0, 238.14, 0, 34, 248264
2026/06/09 22:37:55.786, 1, 237.27, 0, 34, 248264
2026/06/09 22:37:55.787, 2, 458.41, 100, 39, 246660
2026/06/09 22:37:55.788, 3, 454.82, 100, 39, 246660
2026/06/09 22:37:56.789, 0, 238.14, 0, 34, 248264
2026/06/09 22:37:56.792, 1, 237.10, 0, 34, 248264
2026/06/09 22:37:56.793, 2, 456.04, 100, 39, 246660
2026/06/09 22:37:56.794, 3, 458.57, 100, 39, 246660
2026/06/09 22:37:57.795, 0, 238.14, 0, 34, 248264
2026/06/09 22:37:57.795, 1, 236.97, 0, 34, 248264
2026/06/09 22:37:57.795, 2, 460.27, 100, 39, 246660
2026/06/09 22:37:57.795, 3, 456.27, 100, 39, 246660
2026/06/09 22:37:58.795, 0, 238.22, 0, 34, 248264
2026/06/09 22:37:58.796, 1, 236.97, 0, 34, 248264
2026/06/09 22:37:58.796, 2, 460.11, 100, 39, 246660
2026/06/09 22:37:58.796, 3, 458.36, 100, 39, 246660
2026/06/09 22:37:59.796, 0, 238.14, 0, 34, 248264
2026/06/09 22:37:59.796, 1, 237.15, 0, 34, 248264
2026/06/09 22:37:59.796, 2, 458.52, 100, 39, 246660
2026/06/09 22:37:59.796, 3, 456.83, 100, 39, 246660
2026/06/09 22:38:00.796, 0, 272.57, 28, 35, 248264
2026/06/09 22:38:00.796, 1, 274.56, 24, 35, 248264
2026/06/09 22:38:00.796, 2, 458.79, 100, 39, 246660
2026/06/09 22:38:00.796, 3, 457.83, 100, 39, 246660
2026/06/09 22:38:01.796, 0, 239.30, 0, 34, 248264
2026/06/09 22:38:01.797, 1, 241.54, 0, 34, 248264
2026/06/09 22:38:01.797, 2, 457.19, 100, 39, 246660
2026/06/09 22:38:01.797, 3, 457.10, 100, 39, 246660
2026/06/09 22:38:02.797, 0, 252.46, 0, 34, 248264
2026/06/09 22:38:02.797, 1, 267.67, 0, 34, 248264
2026/06/09 22:38:02.797, 2, 457.57, 100, 39, 246660
2026/06/09 22:38:02.797, 3, 456.14, 100, 39, 246660
2026/06/09 22:38:03.797, 0, 238.22, 0, 34, 248264
2026/06/09 22:38:03.797, 1, 237.24, 0, 34, 248264
2026/06/09 22:38:03.797, 2, 457.20, 100, 39, 246660
2026/06/09 22:38:03.797, 3, 454.41, 100, 39, 246660
2026/06/09 22:38:04.797, 0, 238.22, 0, 34, 248264
2026/06/09 22:38:04.797, 1, 237.35, 0, 34, 248264
2026/06/09 22:38:04.798, 2, 457.23, 100, 39, 246660
2026/06/09 22:38:04.798, 3, 455.51, 100, 39, 246660
2026/06/09 22:38:05.798, 0, 238.14, 0, 34, 248264
2026/06/09 22:38:05.798, 1, 237.12, 0, 34, 248264
2026/06/09 22:38:05.798, 2, 453.91, 100, 39, 246660
2026/06/09 22:38:05.798, 3, 454.27, 100, 39, 246660
2026/06/09 22:38:06.798, 0, 256.27, 0, 34, 248264
2026/06/09 22:38:06.798, 1, 267.30, 0, 34, 248264
2026/06/09 22:38:06.798, 2, 457.01, 100, 39, 246660
2026/06/09 22:38:06.798, 3, 458.04, 100, 39, 246660
2026/06/09 22:38:07.798, 0, 239.61, 48, 34, 248264
2026/06/09 22:38:07.798, 1, 237.98, 9, 34, 248264
2026/06/09 22:38:07.798, 2, 456.81, 100, 39, 246660
2026/06/09 22:38:07.799, 3, 458.20, 100, 39, 246660
2026/06/09 22:38:08.799, 0, 238.30, 0, 33, 248264
2026/06/09 22:38:08.799, 1, 237.13, 0, 33, 248264
2026/06/09 22:38:08.799, 2, 454.58, 100, 39, 246660
2026/06/09 22:38:08.799, 3, 457.42, 100, 39, 246660
2026/06/09 22:38:09.799, 0, 238.30, 0, 33, 248264
2026/06/09 22:38:09.799, 1, 237.04, 0, 33, 248264
2026/06/09 22:38:09.799, 2, 457.77, 100, 39, 246660
2026/06/09 22:38:09.799, 3, 458.41, 100, 39, 246660
2026/06/09 22:38:10.799, 0, 256.59, 0, 33, 248264
2026/06/09 22:38:10.799, 1, 255.07, 0, 33, 248264
2026/06/09 22:38:10.799, 2, 454.97, 100, 39, 246660
2026/06/09 22:38:10.799, 3, 456.52, 100, 39, 246660
2026/06/09 22:38:11.800, 0, 238.21, 0, 33, 248264
2026/06/09 22:38:11.800, 1, 236.94, 0, 33, 248264
2026/06/09 22:38:11.800, 2, 457.03, 100, 39, 246660
2026/06/09 22:38:11.800, 3, 460.80, 100, 39, 246660
2026/06/09 22:38:12.800, 0, 238.13, 0, 33, 248264
2026/06/09 22:38:12.800, 1, 236.25, 0, 33, 248264
2026/06/09 22:38:12.800, 2, 456.66, 100, 39, 246660
2026/06/09 22:38:12.800, 3, 456.71, 100, 39, 246660
2026/06/09 22:38:13.800, 0, 238.22, 0, 33, 248264
2026/06/09 22:38:13.801, 1, 235.58, 0, 33, 248264
2026/06/09 22:38:13.801, 2, 457.44, 100, 39, 246660
2026/06/09 22:38:13.801, 3, 455.25, 100, 39, 246660
2026/06/09 22:38:14.801, 0, 238.22, 0, 33, 248264
2026/06/09 22:38:14.801, 1, 236.22, 0, 33, 248264
2026/06/09 22:38:14.801, 2, 456.69, 100, 39, 246660
2026/06/09 22:38:14.801, 3, 457.96, 100, 39, 246660
2026/06/09 22:38:15.801, 0, 258.27, 0, 33, 248264
2026/06/09 22:38:15.807, 1, 248.64, 0, 33, 248264
2026/06/09 22:38:15.807, 2, 457.52, 100, 39, 246660
2026/06/09 22:38:15.807, 3, 456.14, 100, 39, 246660
2026/06/09 22:38:16.809, 0, 264.56, 0, 33, 248264
2026/06/09 22:38:16.809, 1, 262.58, 0, 33, 248264
2026/06/09 22:38:16.809, 2, 457.71, 100, 39, 246660
2026/06/09 22:38:16.809, 3, 456.23, 100, 39, 246660
2026/06/09 22:38:17.809, 0, 248.96, 10, 34, 248264
2026/06/09 22:38:17.809, 1, 250.26, 0, 34, 248264
2026/06/09 22:38:17.809, 2, 459.38, 100, 39, 246660
2026/06/09 22:38:17.809, 3, 458.15, 100, 39, 246660
2026/06/09 22:38:18.809, 0, 242.70, 0, 33, 248264
2026/06/09 22:38:18.810, 1, 240.87, 0, 33, 248264
2026/06/09 22:38:18.810, 2, 459.77, 100, 39, 246660
2026/06/09 22:38:18.810, 3, 459.65, 100, 39, 246660
2026/06/09 22:38:19.810, 0, 238.14, 0, 33, 248264
2026/06/09 22:38:19.810, 1, 236.37, 0, 33, 248264
2026/06/09 22:38:19.810, 2, 460.48, 100, 39, 246660
2026/06/09 22:38:19.810, 3, 461.96, 100, 39, 246660
2026/06/09 22:38:20.810, 0, 238.14, 0, 33, 248264
2026/06/09 22:38:20.810, 1, 236.12, 0, 33, 248264
2026/06/09 22:38:20.810, 2, 459.11, 100, 38, 246660
2026/06/09 22:38:20.810, 3, 460.32, 100, 39, 246660
2026/06/09 22:38:21.810, 0, 238.14, 0, 33, 248264
2026/06/09 22:38:21.811, 1, 235.96, 0, 33, 248264
2026/06/09 22:38:21.811, 2, 460.83, 100, 38, 246660
2026/06/09 22:38:21.811, 3, 459.26, 100, 39, 246660
2026/06/09 22:38:22.811, 0, 238.14, 0, 33, 248264
2026/06/09 22:38:22.811, 1, 235.84, 0, 33, 248264
2026/06/09 22:38:22.811, 2, 460.09, 100, 38, 246660
2026/06/09 22:38:22.811, 3, 459.76, 100, 39, 246660
2026/06/09 22:38:23.811, 0, 260.96, 0, 33, 248264
2026/06/09 22:38:23.811, 1, 249.45, 0, 33, 248264
2026/06/09 22:38:23.811, 2, 459.45, 100, 38, 246660
2026/06/09 22:38:23.813, 3, 458.11, 100, 39, 246660
2026/06/09 22:38:24.814, 0, 238.30, 0, 33, 248264
2026/06/09 22:38:24.814, 1, 236.46, 0, 33, 248264
2026/06/09 22:38:24.815, 2, 460.03, 100, 38, 246660
2026/06/09 22:38:24.816, 3, 459.52, 100, 39, 246660
2026/06/09 22:38:25.817, 0, 253.56, 0, 33, 248264
2026/06/09 22:38:25.818, 1, 256.51, 0, 33, 248264
2026/06/09 22:38:25.819, 2, 462.41, 100, 38, 246660
2026/06/09 22:38:25.820, 3, 462.55, 100, 39, 246660
2026/06/09 22:38:26.821, 0, 238.14, 0, 33, 248264
2026/06/09 22:38:26.822, 1, 236.36, 0, 33, 248264
2026/06/09 22:38:26.823, 2, 458.10, 100, 38, 246660
2026/06/09 22:38:26.824, 3, 459.46, 100, 39, 246660
2026/06/09 22:38:27.825, 0, 263.61, 0, 33, 248264
2026/06/09 22:38:27.825, 1, 248.55, 0, 33, 248264
2026/06/09 22:38:27.825, 2, 456.88, 100, 38, 246660
2026/06/09 22:38:27.825, 3, 462.10, 100, 39, 246660
2026/06/09 22:38:28.825, 0, 238.14, 0, 33, 248264
2026/06/09 22:38:28.825, 1, 236.37, 0, 33, 248264
2026/06/09 22:38:28.825, 2, 458.82, 100, 38, 246660
2026/06/09 22:38:28.825, 3, 459.45, 100, 39, 246660
2026/06/09 22:38:29.825, 0, 284.36, 12, 34, 248264
2026/06/09 22:38:29.826, 1, 287.66, 28, 34, 248264
2026/06/09 22:38:29.826, 2, 458.26, 98, 38, 246660
2026/06/09 22:38:29.826, 3, 458.84, 100, 39, 246660
2026/06/09 22:38:30.826, 0, 269.89, 0, 34, 248264
2026/06/09 22:38:30.826, 1, 250.37, 0, 33, 248264
2026/06/09 22:38:30.826, 2, 459.17, 100, 38, 246660
2026/06/09 22:38:30.826, 3, 461.48, 100, 39, 246660
2026/06/09 22:38:31.826, 0, 248.62, 0, 33, 248264
2026/06/09 22:38:31.826, 1, 241.83, 0, 34, 248264
2026/06/09 22:38:31.826, 2, 459.07, 100, 38, 246660
2026/06/09 22:38:31.826, 3, 459.01, 100, 38, 246660
2026/06/09 22:38:32.826, 0, 253.67, 0, 33, 248264
2026/06/09 22:38:32.826, 1, 242.97, 0, 33, 248264
2026/06/09 22:38:32.827, 2, 457.42, 100, 38, 246660
2026/06/09 22:38:32.827, 3, 458.55, 100, 39, 246660
2026/06/09 22:38:33.827, 0, 250.82, 0, 33, 248264
2026/06/09 22:38:33.827, 1, 261.77, 11, 34, 248264
2026/06/09 22:38:33.827, 2, 459.62, 98, 38, 246660
2026/06/09 22:38:33.827, 3, 460.92, 98, 38, 246660
2026/06/09 22:38:34.827, 0, 238.14, 0, 33, 248264
2026/06/09 22:38:34.827, 1, 236.38, 0, 33, 248264
2026/06/09 22:38:34.827, 2, 456.70, 100, 38, 246660
2026/06/09 22:38:34.827, 3, 453.62, 100, 38, 246660
2026/06/09 22:38:35.827, 0, 273.74, 0, 33, 248264
2026/06/09 22:38:35.827, 1, 272.13, 0, 33, 248264
2026/06/09 22:38:35.827, 2, 455.72, 100, 38, 246660
2026/06/09 22:38:35.828, 3, 456.80, 100, 38, 246660
2026/06/09 22:38:36.828, 0, 238.14, 0, 33, 248264
2026/06/09 22:38:36.828, 1, 236.15, 0, 33, 248264
2026/06/09 22:38:36.828, 2, 455.36, 100, 38, 246660
2026/06/09 22:38:36.828, 3, 455.11, 100, 38, 246660
2026/06/09 22:38:37.828, 0, 238.14, 0, 33, 248264
2026/06/09 22:38:37.828, 1, 236.12, 0, 33, 248264
2026/06/09 22:38:37.828, 2, 458.64, 100, 38, 246660
2026/06/09 22:38:37.828, 3, 455.59, 100, 38, 246660
2026/06/09 22:38:38.828, 0, 238.14, 0, 33, 248264
2026/06/09 22:38:38.828, 1, 235.41, 0, 33, 248264
2026/06/09 22:38:38.828, 2, 455.86, 100, 38, 246660
2026/06/09 22:38:38.829, 3, 455.01, 100, 38, 246660
2026/06/09 22:38:39.829, 0, 238.14, 0, 33, 248264
2026/06/09 22:38:39.829, 1, 235.35, 0, 33, 248264
2026/06/09 22:38:39.829, 2, 454.72, 100, 38, 246660
2026/06/09 22:38:39.829, 3, 455.92, 100, 38, 246660
2026/06/09 22:38:40.829, 0, 238.14, 0, 33, 248264
2026/06/09 22:38:40.829, 1, 235.22, 0, 33, 248264
2026/06/09 22:38:40.829, 2, 455.53, 100, 38, 246660
2026/06/09 22:38:40.829, 3, 454.95, 100, 38, 246660
2026/06/09 22:38:41.829, 0, 238.14, 0, 33, 248264
2026/06/09 22:38:41.829, 1, 235.52, 0, 33, 248264
2026/06/09 22:38:41.829, 2, 455.05, 100, 38, 246660
2026/06/09 22:38:41.829, 3, 457.41, 100, 38, 246660
2026/06/09 22:38:42.829, 0, 238.14, 0, 33, 248264
2026/06/09 22:38:42.830, 1, 234.94, 0, 33, 248264
2026/06/09 22:38:42.830, 2, 459.59, 100, 38, 246660
2026/06/09 22:38:42.830, 3, 458.06, 100, 38, 246660
2026/06/09 22:38:43.830, 0, 238.14, 0, 33, 248264
2026/06/09 22:38:43.830, 1, 235.67, 0, 33, 248264
2026/06/09 22:38:43.830, 2, 460.89, 100, 38, 246660
2026/06/09 22:38:43.830, 3, 458.24, 100, 38, 246660
2026/06/09 22:38:44.830, 0, 238.14, 0, 33, 248264
2026/06/09 22:38:44.830, 1, 235.24, 0, 33, 248264
2026/06/09 22:38:44.830, 2, 457.14, 100, 38, 246660
2026/06/09 22:38:44.830, 3, 457.06, 100, 38, 246660
2026/06/09 22:38:45.830, 0, 238.14, 0, 33, 248264
2026/06/09 22:38:45.831, 1, 235.46, 0, 33, 248264
2026/06/09 22:38:45.831, 2, 456.65, 100, 38, 246660
2026/06/09 22:38:45.831, 3, 458.76, 100, 38, 246660
2026/06/09 22:38:46.831, 0, 238.14, 0, 33, 248264
2026/06/09 22:38:46.831, 1, 234.94, 0, 33, 248264
2026/06/09 22:38:46.831, 2, 455.52, 100, 38, 246660
2026/06/09 22:38:46.831, 3, 456.90, 100, 38, 246660
2026/06/09 22:38:47.831, 0, 238.22, 0, 33, 248264
2026/06/09 22:38:47.831, 1, 248.42, 0, 35, 248264
2026/06/09 22:38:47.831, 2, 453.87, 100, 38, 246660
2026/06/09 22:38:47.831, 3, 457.54, 100, 38, 246660
2026/06/09 22:38:48.831, 0, 274.89, 0, 33, 248264
2026/06/09 22:38:48.832, 1, 270.33, 0, 33, 248264
2026/06/09 22:38:48.832, 2, 453.27, 100, 38, 246660
2026/06/09 22:38:48.832, 3, 455.07, 100, 38, 246660
2026/06/09 22:38:49.832, 0, 238.14, 0, 33, 248264
2026/06/09 22:38:49.832, 1, 235.83, 0, 33, 248264
2026/06/09 22:38:49.832, 2, 456.18, 100, 38, 246660
2026/06/09 22:38:49.832, 3, 454.75, 100, 38, 246660
2026/06/09 22:38:50.832, 0, 238.14, 0, 33, 248264
2026/06/09 22:38:50.832, 1, 235.95, 0, 33, 248264
2026/06/09 22:38:50.832, 2, 454.02, 100, 38, 246660
2026/06/09 22:38:50.832, 3, 454.56, 100, 38, 246660
2026/06/09 22:38:51.832, 0, 238.14, 0, 33, 248264
2026/06/09 22:38:51.832, 1, 235.75, 0, 33, 248264
2026/06/09 22:38:51.832, 2, 452.09, 100, 38, 246660
2026/06/09 22:38:51.833, 3, 453.43, 100, 38, 246660
2026/06/09 22:38:52.833, 0, 238.14, 0, 33, 248264
2026/06/09 22:38:52.833, 1, 235.79, 0, 33, 248264
2026/06/09 22:38:52.833, 2, 456.61, 100, 38, 246660
2026/06/09 22:38:52.833, 3, 458.58, 100, 38, 246660
2026/06/09 22:38:53.833, 0, 238.14, 0, 33, 248264
2026/06/09 22:38:53.833, 1, 235.17, 0, 33, 248264
2026/06/09 22:38:53.833, 2, 455.67, 100, 38, 246660
2026/06/09 22:38:53.833, 3, 456.75, 100, 38, 246660
2026/06/09 22:38:54.833, 0, 238.14, 0, 33, 248264
2026/06/09 22:38:54.835, 1, 235.47, 0, 33, 248264
2026/06/09 22:38:54.835, 2, 453.89, 100, 38, 246660
2026/06/09 22:38:54.836, 3, 452.68, 100, 38, 246660
2026/06/09 22:38:55.837, 0, 238.14, 0, 33, 248264
2026/06/09 22:38:55.838, 1, 235.10, 0, 33, 248264
2026/06/09 22:38:55.839, 2, 452.80, 100, 38, 246660
2026/06/09 22:38:55.840, 3, 453.25, 100, 38, 246660
2026/06/09 22:38:56.841, 0, 238.14, 0, 33, 248264
2026/06/09 22:38:56.842, 1, 235.14, 0, 33, 248264
2026/06/09 22:38:56.843, 2, 452.30, 100, 38, 246660
2026/06/09 22:38:56.844, 3, 453.59, 100, 38, 246660
2026/06/09 22:38:57.845, 0, 238.14, 0, 33, 248264
2026/06/09 22:38:57.845, 1, 234.93, 0, 33, 248264
2026/06/09 22:38:57.845, 2, 452.76, 100, 38, 246660
2026/06/09 22:38:57.845, 3, 451.87, 100, 38, 246660
2026/06/09 22:38:58.845, 0, 238.14, 0, 33, 248264
2026/06/09 22:38:58.845, 1, 235.45, 0, 33, 248264
2026/06/09 22:38:58.845, 2, 454.03, 100, 38, 246660
2026/06/09 22:38:58.845, 3, 454.38, 100, 38, 246660
2026/06/09 22:38:59.845, 0, 238.14, 0, 33, 248264
2026/06/09 22:38:59.846, 1, 235.73, 0, 33, 248264
2026/06/09 22:38:59.846, 2, 455.09, 100, 38, 246660
2026/06/09 22:38:59.846, 3, 454.19, 100, 38, 246660
2026/06/09 22:39:00.846, 0, 238.14, 0, 33, 248264
2026/06/09 22:39:00.846, 1, 235.95, 0, 33, 248264
2026/06/09 22:39:00.846, 2, 454.85, 100, 38, 246660
2026/06/09 22:39:00.846, 3, 453.49, 100, 38, 246660
2026/06/09 22:39:01.846, 0, 238.14, 0, 33, 248264
2026/06/09 22:39:01.846, 1, 235.49, 0, 33, 248264
2026/06/09 22:39:01.846, 2, 455.97, 100, 38, 246660
2026/06/09 22:39:01.846, 3, 455.61, 100, 38, 246660
2026/06/09 22:39:02.846, 0, 238.14, 0, 33, 248264
2026/06/09 22:39:02.847, 1, 235.53, 0, 33, 248264
2026/06/09 22:39:02.847, 2, 455.56, 100, 38, 246660
2026/06/09 22:39:02.847, 3, 457.48, 100, 38, 246660
2026/06/09 22:39:03.847, 0, 238.14, 0, 33, 248264
2026/06/09 22:39:03.847, 1, 235.95, 0, 33, 248264
2026/06/09 22:39:03.847, 2, 455.31, 100, 38, 246660
2026/06/09 22:39:03.847, 3, 454.22, 100, 39, 246660
2026/06/09 22:39:04.847, 0, 258.98, 0, 33, 248264
2026/06/09 22:39:04.847, 1, 246.74, 0, 33, 248264
2026/06/09 22:39:04.847, 2, 454.88, 100, 38, 246660
2026/06/09 22:39:04.847, 3, 454.38, 100, 39, 246660
2026/06/09 22:39:05.847, 0, 254.36, 0, 34, 248264
2026/06/09 22:39:05.848, 1, 273.69, 0, 34, 248264
2026/06/09 22:39:05.848, 2, 451.69, 100, 38, 246660
2026/06/09 22:39:05.848, 3, 451.73, 98, 39, 246660
2026/06/09 22:39:06.848, 0, 238.22, 0, 33, 248264
2026/06/09 22:39:06.848, 1, 236.93, 0, 33, 248264
2026/06/09 22:39:06.848, 2, 451.77, 100, 38, 246660
2026/06/09 22:39:06.848, 3, 451.30, 100, 39, 246660
2026/06/09 22:39:07.848, 0, 239.22, 5, 33, 248264
2026/06/09 22:39:07.848, 1, 237.84, 79, 33, 248264
2026/06/09 22:39:07.848, 2, 455.60, 100, 38, 246660
2026/06/09 22:39:07.848, 3, 453.88, 100, 39, 246660
2026/06/09 22:39:08.848, 0, 238.14, 0, 33, 248264
2026/06/09 22:39:08.848, 1, 236.78, 0, 33, 248264
2026/06/09 22:39:08.849, 2, 454.19, 100, 38, 246660
2026/06/09 22:39:08.849, 3, 452.55, 100, 39, 246660
2026/06/09 22:39:09.849, 0, 238.22, 0, 33, 248264
2026/06/09 22:39:09.849, 1, 236.91, 0, 33, 248264
2026/06/09 22:39:09.849, 2, 456.71, 100, 39, 246660
2026/06/09 22:39:09.849, 3, 454.97, 100, 39, 246660
2026/06/09 22:39:10.849, 0, 238.14, 0, 33, 248264
2026/06/09 22:39:10.849, 1, 236.45, 0, 33, 248264
2026/06/09 22:39:10.849, 2, 456.01, 100, 39, 246660
2026/06/09 22:39:10.849, 3, 456.90, 100, 39, 246660
2026/06/09 22:39:11.849, 0, 238.22, 0, 33, 248264
2026/06/09 22:39:11.849, 1, 236.23, 0, 33, 248264
2026/06/09 22:39:11.849, 2, 455.71, 100, 39, 246660
2026/06/09 22:39:11.850, 3, 455.39, 100, 39, 246660
2026/06/09 22:39:12.850, 0, 238.22, 0, 33, 248264
2026/06/09 22:39:12.850, 1, 235.86, 0, 33, 248264
2026/06/09 22:39:12.850, 2, 452.38, 100, 38, 246660
2026/06/09 22:39:12.850, 3, 452.34, 100, 39, 246660
2026/06/09 22:39:13.850, 0, 238.14, 0, 33, 248264
2026/06/09 22:39:13.850, 1, 236.41, 0, 33, 248264
2026/06/09 22:39:13.850, 2, 452.83, 100, 39, 246660
2026/06/09 22:39:13.850, 3, 454.52, 100, 39, 246660
2026/06/09 22:39:14.850, 0, 238.22, 0, 33, 248264
2026/06/09 22:39:14.850, 1, 236.67, 0, 33, 248264
2026/06/09 22:39:14.850, 2, 452.95, 100, 39, 246660
2026/06/09 22:39:14.850, 3, 452.21, 100, 39, 246660
2026/06/09 22:39:15.851, 0, 238.14, 0, 33, 248264
2026/06/09 22:39:15.851, 1, 236.25, 0, 33, 248264
2026/06/09 22:39:15.851, 2, 454.03, 100, 39, 246660
2026/06/09 22:39:15.851, 3, 453.11, 100, 39, 246660
2026/06/09 22:39:16.851, 0, 238.14, 0, 33, 248264
2026/06/09 22:39:16.851, 1, 236.55, 0, 33, 248264
2026/06/09 22:39:16.851, 2, 453.39, 100, 38, 246660
2026/06/09 22:39:16.851, 3, 454.09, 100, 39, 246660
2026/06/09 22:39:17.851, 0, 238.14, 0, 33, 248264
2026/06/09 22:39:17.851, 1, 236.51, 0, 33, 248264
2026/06/09 22:39:17.851, 2, 452.22, 100, 39, 246660
2026/06/09 22:39:17.852, 3, 453.70, 100, 39, 246660
2026/06/09 22:39:18.852, 0, 238.14, 0, 33, 248264
2026/06/09 22:39:18.852, 1, 236.65, 0, 33, 248264
2026/06/09 22:39:18.852, 2, 452.49, 100, 39, 246660
2026/06/09 22:39:18.852, 3, 452.47, 100, 39, 246660
2026/06/09 22:39:19.852, 0, 241.61, 0, 33, 248264
2026/06/09 22:39:19.852, 1, 245.41, 0, 34, 248264
2026/06/09 22:39:19.852, 2, 452.02, 100, 39, 246660
2026/06/09 22:39:19.852, 3, 451.75, 100, 39, 246660
2026/06/09 22:39:20.852, 0, 252.04, 0, 34, 248264
2026/06/09 22:39:20.852, 1, 248.38, 0, 33, 248264
2026/06/09 22:39:20.853, 2, 456.34, 100, 39, 246660
2026/06/09 22:39:20.853, 3, 457.23, 100, 39, 246660
2026/06/09 22:39:21.853, 0, 238.14, 0, 33, 248264
2026/06/09 22:39:21.853, 1, 236.93, 0, 33, 248264
2026/06/09 22:39:21.853, 2, 458.33, 100, 39, 246660
2026/06/09 22:39:21.853, 3, 453.57, 100, 39, 246660
2026/06/09 22:39:22.853, 0, 238.14, 0, 34, 248264
2026/06/09 22:39:22.853, 1, 237.07, 0, 33, 248264
2026/06/09 22:39:22.853, 2, 454.12, 100, 39, 246660
2026/06/09 22:39:22.853, 3, 455.82, 100, 39, 246660
2026/06/09 22:39:23.853, 0, 238.14, 0, 34, 248264
2026/06/09 22:39:23.853, 1, 237.38, 0, 33, 248264
2026/06/09 22:39:23.854, 2, 455.46, 100, 39, 246660
2026/06/09 22:39:23.854, 3, 449.86, 100, 39, 246660
2026/06/09 22:39:24.857, 0, 238.14, 0, 34, 248264
2026/06/09 22:39:24.857, 1, 236.85, 0, 33, 248264
2026/06/09 22:39:24.858, 2, 453.82, 100, 39, 246660
2026/06/09 22:39:24.859, 3, 452.51, 100, 39, 246660
2026/06/09 22:39:25.860, 0, 238.14, 0, 34, 248264
2026/06/09 22:39:25.861, 1, 236.71, 0, 33, 248264
2026/06/09 22:39:25.862, 2, 455.68, 100, 39, 246660
2026/06/09 22:39:25.863, 3, 453.60, 100, 39, 246660
2026/06/09 22:39:26.865, 0, 238.14, 0, 34, 248264
2026/06/09 22:39:26.866, 1, 236.53, 0, 33, 248264
2026/06/09 22:39:26.866, 2, 456.31, 100, 39, 246660
2026/06/09 22:39:26.868, 3, 453.87, 100, 39, 246660
2026/06/09 22:39:27.869, 0, 238.14, 0, 34, 248264
2026/06/09 22:39:27.869, 1, 236.63, 0, 33, 248264
2026/06/09 22:39:27.869, 2, 453.83, 100, 39, 246660
2026/06/09 22:39:27.869, 3, 453.69, 100, 39, 246660
2026/06/09 22:39:28.869, 0, 238.14, 0, 34, 248264
2026/06/09 22:39:28.869, 1, 236.92, 0, 33, 248264
2026/06/09 22:39:28.869, 2, 458.08, 100, 39, 246660
2026/06/09 22:39:28.869, 3, 456.40, 100, 39, 246660
2026/06/09 22:39:29.869, 0, 238.14, 0, 34, 248264
2026/06/09 22:39:29.870, 1, 236.98, 0, 33, 248264
2026/06/09 22:39:29.870, 2, 458.45, 100, 39, 246660
2026/06/09 22:39:29.870, 3, 460.39, 100, 39, 246660
2026/06/09 22:39:30.870, 0, 238.22, 0, 34, 248264
2026/06/09 22:39:30.870, 1, 237.30, 0, 33, 248264
2026/06/09 22:39:30.870, 2, 457.46, 100, 39, 246660
2026/06/09 22:39:30.870, 3, 458.47, 100, 39, 246660
2026/06/09 22:39:31.870, 0, 249.63, 0, 34, 248264
2026/06/09 22:39:31.870, 1, 265.25, 0, 37, 248264
2026/06/09 22:39:31.870, 2, 457.61, 100, 39, 246660
2026/06/09 22:39:31.870, 3, 460.16, 100, 39, 246660
2026/06/09 22:39:32.870, 0, 248.33, 0, 34, 248264
2026/06/09 22:39:32.871, 1, 257.89, 0, 34, 248264
2026/06/09 22:39:32.871, 2, 458.84, 100, 39, 246660
2026/06/09 22:39:32.871, 3, 459.02, 100, 39, 246660
2026/06/09 22:39:33.871, 0, 238.22, 0, 34, 248264
2026/06/09 22:39:33.871, 1, 237.19, 0, 33, 248264
2026/06/09 22:39:33.871, 2, 462.16, 100, 39, 246660
2026/06/09 22:39:33.871, 3, 457.22, 100, 39, 246660
2026/06/09 22:39:34.871, 0, 238.14, 0, 34, 248264
2026/06/09 22:39:34.871, 1, 236.86, 0, 33, 248264
2026/06/09 22:39:34.871, 2, 461.26, 100, 39, 246660
2026/06/09 22:39:34.871, 3, 461.76, 100, 39, 246660
2026/06/09 22:39:35.871, 0, 297.25, 42, 38, 248264
2026/06/09 22:39:35.872, 1, 297.92, 24, 38, 248264
2026/06/09 22:39:35.872, 2, 451.24, 100, 38, 246660
2026/06/09 22:39:35.872, 3, 450.26, 100, 38, 246660
2026/06/09 22:39:36.872, 0, 272.51, 0, 34, 248264
2026/06/09 22:39:36.872, 1, 266.43, 0, 34, 248264
2026/06/09 22:39:36.872, 2, 448.25, 100, 39, 246660
2026/06/09 22:39:36.872, 3, 453.00, 100, 39, 246660
2026/06/09 22:39:37.872, 0, 249.19, 0, 34, 248264
2026/06/09 22:39:37.872, 1, 256.99, 0, 34, 248264
2026/06/09 22:39:37.872, 2, 455.27, 100, 39, 246660
2026/06/09 22:39:37.872, 3, 457.37, 100, 39, 246660
2026/06/09 22:39:38.872, 0, 238.22, 0, 34, 248264
2026/06/09 22:39:38.872, 1, 237.06, 0, 34, 248264
2026/06/09 22:39:38.872, 2, 453.68, 100, 39, 246660
2026/06/09 22:39:38.872, 3, 458.30, 100, 39, 246660
2026/06/09 22:39:39.873, 0, 238.30, 0, 34, 248264
2026/06/09 22:39:39.873, 1, 237.00, 0, 34, 248264
2026/06/09 22:39:39.873, 2, 456.74, 100, 39, 246660
2026/06/09 22:39:39.873, 3, 457.89, 100, 39, 246660
2026/06/09 22:39:40.873, 0, 238.14, 0, 34, 248264
2026/06/09 22:39:40.873, 1, 235.82, 0, 34, 248264
2026/06/09 22:39:40.873, 2, 456.17, 100, 39, 246660
2026/06/09 22:39:40.873, 3, 455.83, 100, 39, 246660
2026/06/09 22:39:41.873, 0, 238.22, 0, 34, 248264
2026/06/09 22:39:41.873, 1, 236.86, 0, 33, 248264
2026/06/09 22:39:41.873, 2, 455.93, 100, 39, 246660
2026/06/09 22:39:41.873, 3, 459.65, 100, 39, 246660
2026/06/09 22:39:42.873, 0, 238.14, 0, 34, 248264
2026/06/09 22:39:42.874, 1, 236.27, 0, 33, 248264
2026/06/09 22:39:42.874, 2, 455.77, 100, 39, 246660
2026/06/09 22:39:42.874, 3, 458.58, 100, 39, 246660
2026/06/09 22:39:43.874, 0, 279.03, 0, 34, 248264
2026/06/09 22:39:43.874, 1, 252.72, 0, 34, 248264
2026/06/09 22:39:43.874, 2, 457.23, 100, 39, 246660
2026/06/09 22:39:43.874, 3, 459.42, 100, 39, 246660
2026/06/09 22:39:44.874, 0, 238.53, 0, 34, 248264
2026/06/09 22:39:44.874, 1, 236.88, 0, 34, 248264
2026/06/09 22:39:44.874, 2, 455.73, 100, 39, 246660
2026/06/09 22:39:44.874, 3, 456.91, 100, 39, 246660
2026/06/09 22:39:45.875, 0, 238.37, 0, 34, 248264
2026/06/09 22:39:45.875, 1, 237.23, 0, 34, 248264
2026/06/09 22:39:45.875, 2, 456.75, 100, 39, 246660
2026/06/09 22:39:45.875, 3, 456.27, 100, 39, 246660
2026/06/09 22:39:46.875, 0, 238.30, 0, 34, 248264
2026/06/09 22:39:46.875, 1, 236.76, 0, 34, 248264
2026/06/09 22:39:46.875, 2, 457.29, 100, 39, 246660
2026/06/09 22:39:46.875, 3, 455.63, 100, 39, 246660
2026/06/09 22:39:47.875, 0, 238.14, 0, 34, 248264
2026/06/09 22:39:47.875, 1, 236.74, 0, 34, 248264
2026/06/09 22:39:47.875, 2, 456.48, 100, 39, 246660
2026/06/09 22:39:47.875, 3, 456.73, 100, 39, 246660
2026/06/09 22:39:48.876, 0, 238.22, 0, 34, 248264
2026/06/09 22:39:48.876, 1, 237.07, 0, 34, 248264
2026/06/09 22:39:48.876, 2, 457.89, 100, 39, 246660
2026/06/09 22:39:48.876, 3, 457.38, 100, 39, 246660
2026/06/09 22:39:49.876, 0, 238.30, 0, 34, 248264
2026/06/09 22:39:49.876, 1, 237.32, 0, 34, 248264
2026/06/09 22:39:49.876, 2, 458.97, 100, 39, 246660
2026/06/09 22:39:49.876, 3, 458.80, 100, 39, 246660
2026/06/09 22:39:50.876, 0, 238.46, 0, 34, 248264
2026/06/09 22:39:50.876, 1, 237.07, 0, 34, 248264
2026/06/09 22:39:50.876, 2, 458.83, 100, 39, 246660
2026/06/09 22:39:50.876, 3, 458.33, 100, 39, 246660
2026/06/09 22:39:51.876, 0, 238.30, 0, 34, 248264
2026/06/09 22:39:51.877, 1, 236.90, 0, 34, 248264
2026/06/09 22:39:51.877, 2, 457.75, 100, 39, 246660
2026/06/09 22:39:51.877, 3, 460.22, 100, 39, 246660
2026/06/09 22:39:52.877, 0, 238.22, 0, 34, 248264
2026/06/09 22:39:52.878, 1, 236.74, 0, 34, 248264
2026/06/09 22:39:52.878, 2, 457.45, 100, 39, 246660
2026/06/09 22:39:52.879, 3, 458.06, 100, 39, 246660
2026/06/09 22:39:53.881, 0, 238.22, 0, 34, 248264
2026/06/09 22:39:53.881, 1, 236.98, 0, 34, 248264
2026/06/09 22:39:53.882, 2, 458.77, 100, 39, 246660
2026/06/09 22:39:53.883, 3, 458.28, 100, 39, 246660
2026/06/09 22:39:54.884, 0, 254.13, 25, 34, 248264
2026/06/09 22:39:54.887, 1, 275.88, 81, 35, 248264
2026/06/09 22:39:54.888, 2, 458.87, 98, 39, 246660
2026/06/09 22:39:54.889, 3, 458.80, 98, 39, 246660
2026/06/09 22:39:55.890, 0, 238.83, 0, 34, 248264
2026/06/09 22:39:55.891, 1, 237.30, 0, 34, 248264
2026/06/09 22:39:55.891, 2, 458.45, 100, 39, 246660
2026/06/09 22:39:55.893, 3, 458.77, 100, 39, 246660
2026/06/09 22:39:56.894, 0, 238.14, 0, 34, 248264
2026/06/09 22:39:56.895, 1, 237.23, 0, 34, 248264
2026/06/09 22:39:56.895, 2, 457.61, 100, 39, 246660
2026/06/09 22:39:56.897, 3, 459.16, 100, 39, 246660
2026/06/09 22:39:57.898, 0, 238.38, 0, 34, 248264
2026/06/09 22:39:57.898, 1, 237.13, 0, 34, 248264
2026/06/09 22:39:57.898, 2, 455.83, 100, 39, 246660
2026/06/09 22:39:57.898, 3, 457.12, 100, 39, 246660
2026/06/09 22:39:58.898, 0, 238.14, 0, 34, 248264
2026/06/09 22:39:58.898, 1, 237.14, 0, 34, 248264
2026/06/09 22:39:58.898, 2, 460.32, 100, 39, 246660
2026/06/09 22:39:58.898, 3, 459.64, 100, 39, 246660
2026/06/09 22:39:59.898, 0, 238.22, 0, 34, 248264
2026/06/09 22:39:59.898, 1, 237.01, 0, 34, 248264
2026/06/09 22:39:59.898, 2, 457.84, 100, 39, 246660
2026/06/09 22:39:59.898, 3, 459.98, 100, 39, 246660
2026/06/09 22:40:00.898, 0, 238.37, 0, 34, 248264
2026/06/09 22:40:00.899, 1, 236.59, 0, 34, 248264
2026/06/09 22:40:00.899, 2, 460.43, 100, 39, 246660
2026/06/09 22:40:00.899, 3, 460.03, 100, 39, 246660
2026/06/09 22:40:01.899, 0, 238.30, 0, 34, 248264
2026/06/09 22:40:01.899, 1, 236.60, 0, 34, 248264
2026/06/09 22:40:01.899, 2, 459.61, 100, 39, 246660
2026/06/09 22:40:01.899, 3, 461.66, 100, 39, 246660
2026/06/09 22:40:02.899, 0, 275.69, 0, 35, 248264
2026/06/09 22:40:02.899, 1, 278.41, 16, 34, 248264
2026/06/09 22:40:02.899, 2, 458.33, 100, 39, 246660
2026/06/09 22:40:02.899, 3, 458.79, 100, 39, 246660
2026/06/09 22:40:03.900, 0, 238.91, 0, 34, 248264
2026/06/09 22:40:03.900, 1, 237.45, 0, 34, 248264
2026/06/09 22:40:03.900, 2, 462.30, 100, 39, 246660
2026/06/09 22:40:03.900, 3, 458.22, 100, 39, 246660
2026/06/09 22:40:04.900, 0, 238.37, 0, 34, 248264
2026/06/09 22:40:04.900, 1, 236.83, 0, 34, 248264
2026/06/09 22:40:04.900, 2, 459.04, 100, 39, 246660
2026/06/09 22:40:04.900, 3, 457.49, 100, 39, 246660
2026/06/09 22:40:05.900, 0, 238.22, 0, 34, 248264
2026/06/09 22:40:05.900, 1, 237.12, 0, 34, 248264
2026/06/09 22:40:05.900, 2, 458.87, 100, 39, 246660
2026/06/09 22:40:05.900, 3, 458.23, 100, 39, 246660
2026/06/09 22:40:06.901, 0, 254.87, 0, 34, 248264
2026/06/09 22:40:06.901, 1, 264.25, 0, 34, 248264
2026/06/09 22:40:06.901, 2, 457.49, 100, 39, 246660
2026/06/09 22:40:06.901, 3, 457.74, 100, 39, 246660
2026/06/09 22:40:07.901, 0, 239.78, 5, 34, 248264
2026/06/09 22:40:07.901, 1, 237.65, 34, 34, 248264
2026/06/09 22:40:07.901, 2, 458.30, 100, 39, 246660
2026/06/09 22:40:07.901, 3, 458.64, 100, 39, 246660
2026/06/09 22:40:08.901, 0, 238.22, 0, 34, 248264
2026/06/09 22:40:08.901, 1, 236.92, 0, 34, 248264
2026/06/09 22:40:08.901, 2, 457.20, 100, 39, 246660
2026/06/09 22:40:08.901, 3, 458.54, 100, 39, 246660
2026/06/09 22:40:09.901, 0, 238.45, 0, 34, 248264
2026/06/09 22:40:09.902, 1, 237.35, 0, 34, 248264
2026/06/09 22:40:09.903, 2, 457.86, 100, 39, 246660
2026/06/09 22:40:09.904, 3, 455.75, 100, 39, 246660
2026/06/09 22:40:10.905, 0, 270.13, 0, 34, 248264
2026/06/09 22:40:10.905, 1, 252.17, 0, 34, 248264
2026/06/09 22:40:10.905, 2, 456.97, 100, 39, 246660
2026/06/09 22:40:10.905, 3, 458.33, 100, 39, 246660
2026/06/09 22:40:11.905, 0, 247.42, 14, 34, 248264
2026/06/09 22:40:11.905, 1, 259.80, 17, 34, 248264
2026/06/09 22:40:11.906, 2, 457.97, 100, 39, 246660
2026/06/09 22:40:11.906, 3, 460.38, 100, 39, 246660
2026/06/09 22:40:12.906, 0, 238.53, 0, 34, 248264
2026/06/09 22:40:12.906, 1, 237.34, 0, 34, 248264
2026/06/09 22:40:12.906, 2, 458.86, 100, 39, 246660
2026/06/09 22:40:12.906, 3, 455.03, 100, 39, 246660
2026/06/09 22:40:13.906, 0, 238.14, 0, 33, 248264
2026/06/09 22:40:13.906, 1, 237.17, 0, 33, 248264
2026/06/09 22:40:13.906, 2, 459.47, 100, 39, 246660
2026/06/09 22:40:13.906, 3, 457.45, 100, 39, 246660
2026/06/09 22:40:14.906, 0, 253.12, 0, 33, 248264
2026/06/09 22:40:14.906, 1, 268.16, 0, 34, 248264
2026/06/09 22:40:14.907, 2, 455.90, 100, 39, 246660
2026/06/09 22:40:14.907, 3, 456.27, 100, 39, 246660
2026/06/09 22:40:15.907, 0, 238.22, 0, 33, 248264
2026/06/09 22:40:15.907, 1, 236.74, 0, 33, 248264
2026/06/09 22:40:15.907, 2, 457.58, 100, 39, 246660
2026/06/09 22:40:15.907, 3, 458.41, 100, 39, 246660
2026/06/09 22:40:16.907, 0, 238.38, 0, 33, 248264
2026/06/09 22:40:16.907, 1, 236.01, 0, 33, 248264
2026/06/09 22:40:16.907, 2, 456.81, 100, 39, 246660
2026/06/09 22:40:16.907, 3, 459.69, 100, 39, 246660
2026/06/09 22:40:17.907, 0, 238.22, 0, 33, 248264
2026/06/09 22:40:17.908, 1, 236.43, 0, 33, 248264
2026/06/09 22:40:17.908, 2, 458.21, 100, 39, 246660
2026/06/09 22:40:17.908, 3, 458.13, 100, 39, 246660
2026/06/09 22:40:18.908, 0, 248.07, 20, 34, 248264
2026/06/09 22:40:18.908, 1, 248.56, 41, 34, 248264
2026/06/09 22:40:18.908, 2, 455.29, 98, 39, 246660
2026/06/09 22:40:18.908, 3, 458.03, 98, 39, 246660
2026/06/09 22:40:19.908, 0, 238.14, 0, 33, 248264
2026/06/09 22:40:19.908, 1, 236.73, 0, 33, 248264
2026/06/09 22:40:19.908, 2, 457.95, 100, 39, 246660
2026/06/09 22:40:19.908, 3, 456.43, 100, 39, 246660
2026/06/09 22:40:20.908, 0, 238.22, 0, 33, 248264
2026/06/09 22:40:20.909, 1, 236.28, 0, 33, 248264
2026/06/09 22:40:20.909, 2, 460.71, 100, 39, 246660
2026/06/09 22:40:20.909, 3, 458.72, 100, 39, 246660
2026/06/09 22:40:21.909, 0, 238.14, 0, 33, 248264
2026/06/09 22:40:21.909, 1, 236.33, 0, 33, 248264
2026/06/09 22:40:21.909, 2, 458.32, 100, 39, 246660
2026/06/09 22:40:21.909, 3, 460.18, 100, 39, 246660
2026/06/09 22:40:22.909, 0, 253.70, 0, 33, 248264
2026/06/09 22:40:22.909, 1, 260.51, 0, 33, 248264
2026/06/09 22:40:22.909, 2, 460.29, 100, 39, 246660
2026/06/09 22:40:22.909, 3, 457.85, 100, 39, 246660
2026/06/09 22:40:23.909, 0, 238.14, 0, 33, 248264
2026/06/09 22:40:23.910, 1, 236.78, 0, 33, 248264
2026/06/09 22:40:23.910, 2, 459.03, 100, 39, 246660
2026/06/09 22:40:23.910, 3, 458.37, 100, 39, 246660
2026/06/09 22:40:24.910, 0, 238.22, 0, 33, 248264
2026/06/09 22:40:24.910, 1, 236.75, 0, 33, 248264
2026/06/09 22:40:24.911, 2, 460.69, 100, 39, 246660
2026/06/09 22:40:24.912, 3, 459.14, 100, 39, 246660
2026/06/09 22:40:25.913, 0, 238.22, 0, 33, 248264
2026/06/09 22:40:25.914, 1, 236.53, 0, 33, 248264
2026/06/09 22:40:25.914, 2, 459.18, 100, 39, 246660
2026/06/09 22:40:25.916, 3, 458.90, 100, 39, 246660
2026/06/09 22:40:26.917, 0, 248.59, 6, 34, 248264
2026/06/09 22:40:26.918, 1, 255.44, 0, 35, 248264
2026/06/09 22:40:26.918, 2, 459.06, 100, 39, 246660
2026/06/09 22:40:26.919, 3, 458.10, 100, 39, 246660
2026/06/09 22:40:27.920, 0, 238.97, 0, 33, 248264
2026/06/09 22:40:27.921, 1, 237.05, 0, 33, 248264
2026/06/09 22:40:27.921, 2, 462.15, 100, 39, 246660
2026/06/09 22:40:27.921, 3, 461.51, 100, 39, 246660
2026/06/09 22:40:28.921, 0, 238.14, 0, 33, 248264
2026/06/09 22:40:28.921, 1, 236.20, 0, 33, 248264
2026/06/09 22:40:28.921, 2, 460.18, 100, 39, 246660
2026/06/09 22:40:28.921, 3, 461.03, 100, 39, 246660
2026/06/09 22:40:29.921, 0, 238.22, 0, 33, 248264
2026/06/09 22:40:29.921, 1, 235.82, 0, 33, 248264
2026/06/09 22:40:29.921, 2, 460.74, 100, 38, 246660
2026/06/09 22:40:29.921, 3, 458.94, 100, 39, 246660
2026/06/09 22:40:30.921, 0, 248.84, 0, 33, 248264
2026/06/09 22:40:30.922, 1, 254.57, 0, 33, 248264
2026/06/09 22:40:30.922, 2, 460.53, 100, 39, 246660
2026/06/09 22:40:30.922, 3, 461.51, 100, 39, 246660
2026/06/09 22:40:31.922, 0, 260.15, 0, 33, 248264
2026/06/09 22:40:31.922, 1, 256.67, 0, 33, 248264
2026/06/09 22:40:31.922, 2, 461.41, 100, 38, 246660
2026/06/09 22:40:31.922, 3, 462.11, 100, 39, 246660
2026/06/09 22:40:32.922, 0, 238.14, 0, 33, 248264
2026/06/09 22:40:32.922, 1, 236.11, 0, 33, 248264
2026/06/09 22:40:32.922, 2, 461.86, 100, 38, 246660
2026/06/09 22:40:32.922, 3, 461.48, 100, 39, 246660
2026/06/09 22:40:33.922, 0, 238.14, 0, 33, 248264
2026/06/09 22:40:33.923, 1, 236.09, 0, 33, 248264
2026/06/09 22:40:33.923, 2, 463.16, 100, 39, 246660
2026/06/09 22:40:33.923, 3, 460.89, 100, 39, 246660
2026/06/09 22:40:34.923, 0, 256.18, 0, 33, 248264
2026/06/09 22:40:34.923, 1, 244.97, 0, 33, 248264
2026/06/09 22:40:34.923, 2, 461.73, 100, 38, 246660
2026/06/09 22:40:34.923, 3, 461.92, 100, 39, 246660
2026/06/09 22:40:35.923, 0, 238.22, 0, 33, 248264
2026/06/09 22:40:35.923, 1, 235.71, 0, 33, 248264
2026/06/09 22:40:35.923, 2, 461.70, 100, 38, 246660
2026/06/09 22:40:35.923, 3, 460.48, 100, 38, 246660
2026/06/09 22:40:36.923, 0, 238.14, 0, 33, 248264
2026/06/09 22:40:36.923, 1, 235.75, 0, 33, 248264
2026/06/09 22:40:36.923, 2, 460.02, 100, 38, 246660
2026/06/09 22:40:36.924, 3, 459.78, 100, 38, 246660
2026/06/09 22:40:37.924, 0, 238.22, 0, 33, 248264
2026/06/09 22:40:37.924, 1, 235.18, 0, 33, 248264
2026/06/09 22:40:37.924, 2, 463.58, 100, 38, 246660
2026/06/09 22:40:37.924, 3, 462.14, 100, 38, 246660
2026/06/09 22:40:38.924, 0, 238.14, 0, 33, 248264
2026/06/09 22:40:38.924, 1, 235.22, 0, 33, 248264
2026/06/09 22:40:38.924, 2, 463.38, 100, 38, 246660
2026/06/09 22:40:38.924, 3, 463.01, 100, 38, 246660
2026/06/09 22:40:39.924, 0, 238.14, 0, 33, 248264
2026/06/09 22:40:39.924, 1, 235.13, 0, 33, 248264
2026/06/09 22:40:39.924, 2, 463.96, 100, 38, 246660
2026/06/09 22:40:39.924, 3, 461.55, 100, 38, 246660
2026/06/09 22:40:40.925, 0, 238.22, 0, 33, 248264
2026/06/09 22:40:40.925, 1, 235.10, 0, 33, 248264
2026/06/09 22:40:40.925, 2, 461.64, 100, 38, 246660
2026/06/09 22:40:40.925, 3, 462.13, 100, 38, 246660
2026/06/09 22:40:41.925, 0, 238.14, 0, 33, 248264
2026/06/09 22:40:41.925, 1, 234.70, 0, 33, 248264
2026/06/09 22:40:41.925, 2, 461.47, 100, 38, 246660
2026/06/09 22:40:41.925, 3, 462.67, 100, 38, 246660
2026/06/09 22:40:42.925, 0, 238.14, 0, 33, 248264
2026/06/09 22:40:42.925, 1, 235.02, 0, 33, 248264
2026/06/09 22:40:42.925, 2, 463.34, 100, 38, 246660
2026/06/09 22:40:42.925, 3, 463.29, 100, 38, 246660
2026/06/09 22:40:43.926, 0, 238.14, 0, 33, 248264
2026/06/09 22:40:43.926, 1, 235.10, 0, 33, 248264
2026/06/09 22:40:43.926, 2, 461.76, 100, 38, 246660
2026/06/09 22:40:43.926, 3, 461.85, 100, 38, 246660
2026/06/09 22:40:44.926, 0, 238.14, 0, 33, 248264
2026/06/09 22:40:44.926, 1, 235.20, 0, 33, 248264
2026/06/09 22:40:44.926, 2, 462.48, 100, 38, 246660
2026/06/09 22:40:44.926, 3, 462.88, 100, 38, 246660
2026/06/09 22:40:45.926, 0, 238.22, 0, 33, 248264
2026/06/09 22:40:45.926, 1, 235.65, 0, 33, 248264
2026/06/09 22:40:45.926, 2, 464.73, 100, 38, 246660
2026/06/09 22:40:45.926, 3, 463.86, 100, 38, 246660
2026/06/09 22:40:46.927, 0, 238.14, 0, 33, 248264
2026/06/09 22:40:46.927, 1, 235.17, 0, 33, 248264
2026/06/09 22:40:46.927, 2, 461.51, 100, 38, 246660
2026/06/09 22:40:46.927, 3, 463.05, 100, 39, 246660
2026/06/09 22:40:47.927, 0, 238.14, 0, 33, 248264
2026/06/09 22:40:47.927, 1, 234.91, 0, 33, 248264
2026/06/09 22:40:47.927, 2, 461.16, 100, 38, 246660
2026/06/09 22:40:47.927, 3, 463.35, 100, 39, 246660
2026/06/09 22:40:48.927, 0, 238.14, 0, 33, 248264
2026/06/09 22:40:48.927, 1, 234.62, 0, 33, 248264
2026/06/09 22:40:48.927, 2, 462.77, 100, 38, 246660
2026/06/09 22:40:48.927, 3, 463.93, 100, 39, 246660
2026/06/09 22:40:49.928, 0, 238.14, 0, 33, 248264
2026/06/09 22:40:49.928, 1, 235.24, 0, 33, 248264
2026/06/09 22:40:49.928, 2, 462.51, 100, 38, 246660
2026/06/09 22:40:49.928, 3, 464.29, 100, 39, 246660
2026/06/09 22:40:50.928, 0, 273.61, 0, 33, 248264
2026/06/09 22:40:50.928, 1, 249.45, 0, 33, 248264
2026/06/09 22:40:50.928, 2, 462.37, 100, 38, 246660
2026/06/09 22:40:50.928, 3, 464.03, 100, 39, 246660
2026/06/09 22:40:51.928, 0, 238.14, 0, 33, 248264
2026/06/09 22:40:51.928, 1, 235.70, 0, 33, 248264
2026/06/09 22:40:51.928, 2, 464.49, 100, 38, 246660
2026/06/09 22:40:51.928, 3, 465.18, 100, 39, 246660
2026/06/09 22:40:52.928, 0, 238.14, 0, 33, 248264
2026/06/09 22:40:52.929, 1, 235.58, 0, 33, 248264
2026/06/09 22:40:52.929, 2, 462.95, 100, 38, 246660
2026/06/09 22:40:52.929, 3, 465.34, 100, 39, 246660
2026/06/09 22:40:53.929, 0, 238.14, 0, 33, 248264
2026/06/09 22:40:53.929, 1, 235.39, 0, 33, 248264
2026/06/09 22:40:53.930, 2, 462.90, 100, 38, 246660
2026/06/09 22:40:53.931, 3, 463.74, 100, 39, 246660
2026/06/09 22:40:54.932, 0, 238.14, 0, 33, 248264
2026/06/09 22:40:54.935, 1, 236.12, 0, 33, 248264
2026/06/09 22:40:54.936, 2, 463.98, 100, 38, 246660
2026/06/09 22:40:54.937, 3, 463.77, 100, 39, 246660
2026/06/09 22:40:55.938, 0, 238.13, 0, 33, 248264
2026/06/09 22:40:55.940, 1, 235.82, 0, 33, 248264
2026/06/09 22:40:55.940, 2, 463.62, 100, 38, 246660
2026/06/09 22:40:55.942, 3, 463.37, 100, 39, 246660
2026/06/09 22:40:56.943, 0, 238.14, 0, 33, 248264
2026/06/09 22:40:56.944, 1, 235.43, 0, 33, 248264
2026/06/09 22:40:56.944, 2, 462.71, 100, 39, 246660
2026/06/09 22:40:56.945, 3, 462.79, 100, 39, 246660
2026/06/09 22:40:57.947, 0, 238.14, 0, 33, 248264
2026/06/09 22:40:57.947, 1, 235.73, 0, 33, 248264
2026/06/09 22:40:57.947, 2, 463.18, 100, 39, 246660
2026/06/09 22:40:57.947, 3, 463.99, 100, 39, 246660
2026/06/09 22:40:58.947, 0, 238.14, 0, 33, 248264
2026/06/09 22:40:58.947, 1, 235.87, 0, 33, 248264
2026/06/09 22:40:58.947, 2, 462.23, 100, 39, 246660
2026/06/09 22:40:58.947, 3, 464.10, 100, 39, 246660
2026/06/09 22:40:59.947, 0, 238.14, 0, 33, 248264
2026/06/09 22:40:59.947, 1, 236.05, 0, 33, 248264
2026/06/09 22:40:59.947, 2, 462.85, 100, 39, 246660
2026/06/09 22:40:59.947, 3, 464.02, 100, 39, 246660
2026/06/09 22:41:00.947, 0, 238.14, 0, 33, 248264
2026/06/09 22:41:00.947, 1, 235.92, 0, 33, 248264
2026/06/09 22:41:00.947, 2, 464.92, 100, 39, 246660
2026/06/09 22:41:00.947, 3, 465.12, 100, 39, 246660
2026/06/09 22:41:01.948, 0, 238.14, 0, 33, 248264
2026/06/09 22:41:01.948, 1, 235.52, 0, 33, 248264
2026/06/09 22:41:01.948, 2, 465.86, 100, 39, 246660
2026/06/09 22:41:01.948, 3, 464.33, 100, 39, 246660
2026/06/09 22:41:02.948, 0, 305.97, 0, 34, 248264
2026/06/09 22:41:02.948, 1, 300.20, 0, 34, 248264
2026/06/09 22:41:02.948, 2, 462.86, 100, 39, 246662
2026/06/09 22:41:02.948, 3, 466.36, 100, 39, 246662
2026/06/09 22:41:03.948, 0, 238.37, 0, 33, 248264
2026/06/09 22:41:03.948, 1, 236.68, 0, 33, 248264
2026/06/09 22:41:03.948, 2, 464.15, 100, 39, 246662
2026/06/09 22:41:03.948, 3, 466.15, 100, 39, 246662
2026/06/09 22:41:04.949, 0, 238.22, 0, 33, 248264
2026/06/09 22:41:04.949, 1, 235.82, 0, 33, 248264
2026/06/09 22:41:04.949, 2, 465.13, 100, 39, 246662
2026/06/09 22:41:04.949, 3, 467.89, 100, 39, 246662
2026/06/09 22:41:05.949, 0, 238.22, 0, 33, 248264
2026/06/09 22:41:05.949, 1, 236.55, 0, 33, 248264
2026/06/09 22:41:05.949, 2, 465.89, 100, 39, 246662
2026/06/09 22:41:05.949, 3, 466.52, 100, 39, 246662
2026/06/09 22:41:06.949, 0, 293.48, 0, 34, 248264
2026/06/09 22:41:06.949, 1, 282.59, 0, 34, 248264
2026/06/09 22:41:06.949, 2, 458.74, 100, 39, 246662
2026/06/09 22:41:06.949, 3, 462.69, 100, 39, 246662
2026/06/09 22:41:07.950, 0, 242.01, 0, 34, 248264
2026/06/09 22:41:07.950, 1, 247.71, 8, 34, 248264
2026/06/09 22:41:07.950, 2, 460.95, 100, 39, 246662
2026/06/09 22:41:07.950, 3, 460.76, 100, 39, 246662
2026/06/09 22:41:08.950, 0, 238.22, 0, 33, 248264
2026/06/09 22:41:08.950, 1, 236.99, 0, 33, 248264
2026/06/09 22:41:08.950, 2, 460.59, 100, 39, 246662
2026/06/09 22:41:08.950, 3, 457.69, 100, 39, 246662
2026/06/09 22:41:09.950, 0, 238.22, 0, 33, 248264
2026/06/09 22:41:09.950, 1, 236.31, 0, 33, 248264
2026/06/09 22:41:09.950, 2, 462.45, 100, 39, 246662
2026/06/09 22:41:09.950, 3, 459.62, 100, 39, 246662
2026/06/09 22:41:10.950, 0, 238.37, 0, 34, 248264
2026/06/09 22:41:10.951, 1, 236.34, 0, 33, 248264
2026/06/09 22:41:10.951, 2, 461.14, 100, 39, 246662
2026/06/09 22:41:10.951, 3, 461.26, 100, 39, 246662
2026/06/09 22:41:11.951, 0, 238.14, 0, 34, 248264
2026/06/09 22:41:11.951, 1, 236.34, 0, 33, 248264
2026/06/09 22:41:11.951, 2, 459.90, 100, 39, 246662
2026/06/09 22:41:11.951, 3, 461.27, 100, 39, 246662
2026/06/09 22:41:12.951, 0, 238.30, 0, 34, 248264
2026/06/09 22:41:12.951, 1, 236.74, 0, 34, 248264
2026/06/09 22:41:12.951, 2, 462.18, 100, 39, 246662
2026/06/09 22:41:12.951, 3, 461.63, 100, 39, 246662
2026/06/09 22:41:13.951, 0, 238.22, 0, 34, 248264
2026/06/09 22:41:13.952, 1, 236.65, 0, 34, 248264
2026/06/09 22:41:13.952, 2, 463.30, 100, 39, 246662
2026/06/09 22:41:13.952, 3, 463.01, 100, 39, 246662
2026/06/09 22:41:14.952, 0, 238.14, 0, 34, 248264
2026/06/09 22:41:14.952, 1, 236.70, 0, 34, 248264
2026/06/09 22:41:14.952, 2, 463.31, 100, 39, 246662
2026/06/09 22:41:14.952, 3, 462.08, 100, 39, 246662
2026/06/09 22:41:15.952, 0, 238.44, 0, 34, 248264
2026/06/09 22:41:15.952, 1, 237.05, 0, 34, 248264
2026/06/09 22:41:15.952, 2, 464.12, 100, 39, 246662
2026/06/09 22:41:15.952, 3, 465.32, 100, 39, 246662
2026/06/09 22:41:16.952, 0, 238.14, 0, 34, 248264
2026/06/09 22:41:16.953, 1, 236.79, 0, 34, 248264
2026/06/09 22:41:16.953, 2, 463.78, 100, 39, 246662
2026/06/09 22:41:16.953, 3, 462.90, 100, 39, 246662
2026/06/09 22:41:17.953, 0, 238.13, 0, 34, 248264
2026/06/09 22:41:17.953, 1, 236.93, 0, 34, 248264
2026/06/09 22:41:17.953, 2, 461.68, 100, 39, 246662
2026/06/09 22:41:17.953, 3, 462.20, 100, 39, 246662
2026/06/09 22:41:18.953, 0, 238.22, 0, 34, 248264
2026/06/09 22:41:18.953, 1, 237.32, 0, 34, 248264
2026/06/09 22:41:18.953, 2, 462.88, 100, 39, 246662
2026/06/09 22:41:18.953, 3, 461.15, 100, 39, 246662
2026/06/09 22:41:19.954, 0, 238.29, 0, 34, 248264
2026/06/09 22:41:19.954, 1, 236.74, 0, 34, 248264
2026/06/09 22:41:19.954, 2, 461.65, 100, 39, 246662
2026/06/09 22:41:19.954, 3, 461.90, 100, 39, 246662
2026/06/09 22:41:20.954, 0, 238.37, 0, 34, 248264
2026/06/09 22:41:20.954, 1, 236.71, 0, 34, 248264
2026/06/09 22:41:20.954, 2, 462.61, 100, 39, 246662
2026/06/09 22:41:20.954, 3, 460.80, 100, 39, 246662
2026/06/09 22:41:21.954, 0, 238.22, 0, 34, 248264
2026/06/09 22:41:21.954, 1, 236.34, 0, 34, 248264
2026/06/09 22:41:21.954, 2, 465.30, 100, 39, 246662
2026/06/09 22:41:21.954, 3, 464.03, 100, 39, 246662
2026/06/09 22:41:22.954, 0, 238.38, 0, 34, 248264
2026/06/09 22:41:22.955, 1, 236.81, 0, 34, 248264
2026/06/09 22:41:22.955, 2, 463.32, 100, 39, 246662
2026/06/09 22:41:22.955, 3, 462.97, 100, 39, 246662
2026/06/09 22:41:23.958, 0, 238.22, 0, 34, 248264
2026/06/09 22:41:23.959, 1, 236.55, 0, 34, 248264
2026/06/09 22:41:23.961, 2, 464.06, 100, 39, 246662
2026/06/09 22:41:23.962, 3, 464.61, 100, 39, 246662
2026/06/09 22:41:24.963, 0, 238.30, 0, 34, 248264
2026/06/09 22:41:24.964, 1, 236.08, 0, 34, 248264
2026/06/09 22:41:24.965, 2, 464.40, 100, 39, 246662
2026/06/09 22:41:24.966, 3, 464.59, 100, 39, 246662
2026/06/09 22:41:25.967, 0, 238.30, 0, 34, 248264
2026/06/09 22:41:25.968, 1, 237.17, 0, 34, 248264
2026/06/09 22:41:25.968, 2, 464.48, 100, 39, 246662
2026/06/09 22:41:25.970, 3, 466.01, 100, 39, 246662
2026/06/09 22:41:26.971, 0, 238.22, 0, 34, 248264
2026/06/09 22:41:26.972, 1, 236.66, 0, 34, 248264
2026/06/09 22:41:26.972, 2, 464.56, 100, 39, 246662
2026/06/09 22:41:26.978, 3, 463.52, 100, 39, 246662
2026/06/09 22:41:27.979, 0, 238.22, 0, 34, 248264
2026/06/09 22:41:27.979, 1, 236.89, 0, 34, 248264
2026/06/09 22:41:27.979, 2, 465.76, 100, 39, 246662
2026/06/09 22:41:27.979, 3, 462.71, 100, 39, 246662
2026/06/09 22:41:28.979, 0, 260.54, 0, 34, 248264
2026/06/09 22:41:28.979, 1, 254.71, 0, 34, 248264
2026/06/09 22:41:28.979, 2, 466.66, 100, 39, 246662
2026/06/09 22:41:28.979, 3, 464.00, 100, 39, 246662
2026/06/09 22:41:29.979, 0, 238.46, 0, 34, 248264
2026/06/09 22:41:29.980, 1, 237.49, 0, 34, 248264
2026/06/09 22:41:29.980, 2, 465.05, 100, 39, 246662
2026/06/09 22:41:29.980, 3, 468.05, 100, 39, 246662
2026/06/09 22:41:30.980, 0, 238.37, 0, 34, 248264
2026/06/09 22:41:30.980, 1, 237.41, 0, 34, 248264
2026/06/09 22:41:30.980, 2, 464.75, 100, 39, 246662
2026/06/09 22:41:30.980, 3, 465.16, 100, 39, 246662
2026/06/09 22:41:31.980, 0, 238.37, 0, 34, 248264
2026/06/09 22:41:31.980, 1, 237.16, 0, 34, 248264
2026/06/09 22:41:31.980, 2, 463.53, 100, 39, 246662
2026/06/09 22:41:31.980, 3, 466.31, 100, 39, 246662
2026/06/09 22:41:32.980, 0, 261.11, 0, 34, 248264
2026/06/09 22:41:32.981, 1, 248.72, 0, 34, 248264
2026/06/09 22:41:32.981, 2, 464.14, 100, 39, 246662
2026/06/09 22:41:32.981, 3, 464.21, 100, 39, 246662
2026/06/09 22:41:33.981, 0, 279.62, 0, 34, 248264
2026/06/09 22:41:33.981, 1, 275.86, 0, 34, 248264
2026/06/09 22:41:33.981, 2, 463.72, 100, 39, 246662
2026/06/09 22:41:33.981, 3, 465.05, 100, 39, 246662
2026/06/09 22:41:34.981, 0, 239.51, 0, 34, 248264
2026/06/09 22:41:34.981, 1, 237.41, 0, 34, 248264
2026/06/09 22:41:34.981, 2, 464.16, 100, 39, 246662
2026/06/09 22:41:34.981, 3, 464.42, 100, 39, 246662
2026/06/09 22:41:35.981, 0, 256.50, 0, 34, 248264
2026/06/09 22:41:35.981, 1, 246.22, 0, 34, 248264
2026/06/09 22:41:35.982, 2, 462.36, 100, 39, 246662
2026/06/09 22:41:35.982, 3, 462.85, 100, 39, 246662
2026/06/09 22:41:36.982, 0, 239.44, 0, 34, 248264
2026/06/09 22:41:36.982, 1, 237.31, 0, 34, 248264
2026/06/09 22:41:36.982, 2, 462.15, 100, 39, 246662
2026/06/09 22:41:36.982, 3, 463.75, 100, 39, 246662
2026/06/09 22:41:37.982, 0, 238.76, 0, 34, 248264
2026/06/09 22:41:37.982, 1, 237.34, 0, 34, 248264
2026/06/09 22:41:37.982, 2, 463.36, 100, 39, 246662
2026/06/09 22:41:37.982, 3, 461.50, 100, 39, 246662
2026/06/09 22:41:38.982, 0, 251.81, 0, 34, 248264
2026/06/09 22:41:38.982, 1, 253.71, 0, 34, 248264
2026/06/09 22:41:38.983, 2, 464.13, 100, 39, 246662
2026/06/09 22:41:38.983, 3, 463.23, 100, 39, 246662
2026/06/09 22:41:39.983, 0, 239.44, 0, 34, 248264
2026/06/09 22:41:39.983, 1, 237.56, 0, 34, 248264
2026/06/09 22:41:39.983, 2, 464.87, 100, 39, 246662
2026/06/09 22:41:39.983, 3, 466.19, 100, 39, 246662
2026/06/09 22:41:40.983, 0, 250.64, 0, 35, 248264
2026/06/09 22:41:40.983, 1, 237.54, 0, 34, 248264
2026/06/09 22:41:40.983, 2, 463.90, 100, 39, 246662
2026/06/09 22:41:40.983, 3, 464.78, 100, 39, 246662
2026/06/09 22:41:41.983, 0, 250.21, 0, 34, 248264
2026/06/09 22:41:41.983, 1, 247.19, 0, 34, 248264
2026/06/09 22:41:41.984, 2, 462.06, 100, 39, 246662
2026/06/09 22:41:41.984, 3, 463.85, 100, 39, 246662
2026/06/09 22:41:42.984, 0, 238.69, 0, 34, 248264
2026/06/09 22:41:42.984, 1, 237.45, 0, 34, 248264
2026/06/09 22:41:42.984, 2, 463.85, 100, 39, 246662
2026/06/09 22:41:42.984, 3, 463.51, 100, 39, 246662
2026/06/09 22:41:43.984, 0, 251.97, 8, 34, 248264
2026/06/09 22:41:43.984, 1, 261.90, 24, 35, 248264
2026/06/09 22:41:43.984, 2, 461.78, 100, 39, 246662
2026/06/09 22:41:43.984, 3, 462.70, 100, 39, 246662
2026/06/09 22:41:44.984, 0, 238.53, 0, 34, 248264
2026/06/09 22:41:44.984, 1, 237.38, 0, 34, 248264
2026/06/09 22:41:44.985, 2, 464.03, 100, 39, 246662
2026/06/09 22:41:44.985, 3, 463.31, 100, 39, 246662
2026/06/09 22:41:45.985, 0, 238.22, 0, 34, 248264
2026/06/09 22:41:45.985, 1, 237.39, 0, 34, 248264
2026/06/09 22:41:45.985, 2, 465.33, 100, 39, 246662
2026/06/09 22:41:45.985, 3, 462.82, 100, 39, 246662
2026/06/09 22:41:46.985, 0, 238.30, 0, 34, 248264
2026/06/09 22:41:46.985, 1, 236.76, 0, 34, 248264
2026/06/09 22:41:46.985, 2, 464.74, 100, 39, 246662
2026/06/09 22:41:46.985, 3, 462.69, 100, 39, 246662
2026/06/09 22:41:47.985, 0, 238.22, 0, 33, 248264
2026/06/09 22:41:47.985, 1, 236.54, 0, 33, 248264
2026/06/09 22:41:47.986, 2, 464.76, 100, 39, 246662
2026/06/09 22:41:47.986, 3, 462.78, 100, 39, 246662
2026/06/09 22:41:48.986, 0, 238.22, 0, 33, 248264
2026/06/09 22:41:48.986, 1, 235.83, 0, 33, 248264
2026/06/09 22:41:48.986, 2, 463.80, 100, 39, 246662
2026/06/09 22:41:48.986, 3, 464.53, 100, 39, 246662
2026/06/09 22:41:49.986, 0, 238.14, 0, 33, 248264
2026/06/09 22:41:49.986, 1, 236.44, 0, 33, 248264
2026/06/09 22:41:49.986, 2, 464.97, 100, 39, 246662
2026/06/09 22:41:49.986, 3, 467.73, 100, 39, 246662
2026/06/09 22:41:50.986, 0, 253.53, 0, 33, 248264
2026/06/09 22:41:50.987, 1, 272.76, 0, 34, 248264
2026/06/09 22:41:50.987, 2, 465.69, 100, 39, 246662
2026/06/09 22:41:50.987, 3, 463.91, 100, 39, 246662
2026/06/09 22:41:51.987, 0, 238.14, 0, 33, 248264
2026/06/09 22:41:51.987, 1, 235.87, 0, 33, 248264
2026/06/09 22:41:51.987, 2, 464.29, 100, 39, 246662
2026/06/09 22:41:51.987, 3, 465.26, 100, 39, 246662
2026/06/09 22:41:52.987, 0, 258.61, 0, 34, 248264
2026/06/09 22:41:52.987, 1, 250.21, 0, 33, 248264
2026/06/09 22:41:52.987, 2, 464.58, 100, 39, 246662
2026/06/09 22:41:52.987, 3, 465.40, 100, 39, 246662
2026/06/09 22:41:53.987, 0, 238.14, 0, 33, 248264
2026/06/09 22:41:53.988, 1, 235.80, 0, 33, 248264
2026/06/09 22:41:53.988, 2, 466.39, 100, 39, 246662
2026/06/09 22:41:53.988, 3, 468.14, 100, 39, 246662
2026/06/09 22:41:54.988, 0, 238.14, 0, 33, 248264
2026/06/09 22:41:54.988, 1, 236.55, 0, 33, 248264
2026/06/09 22:41:54.988, 2, 465.56, 100, 39, 246662
2026/06/09 22:41:54.988, 3, 466.20, 100, 39, 246662
2026/06/09 22:41:55.988, 0, 238.14, 0, 33, 248264
2026/06/09 22:41:55.988, 1, 236.26, 0, 33, 248264
2026/06/09 22:41:55.989, 2, 464.57, 100, 39, 246662
2026/06/09 22:41:55.990, 3, 465.62, 100, 39, 246662
2026/06/09 22:41:56.991, 0, 238.14, 0, 33, 248264
2026/06/09 22:41:56.993, 1, 235.40, 0, 33, 248264
2026/06/09 22:41:56.994, 2, 461.04, 100, 39, 246662
2026/06/09 22:41:56.996, 3, 462.36, 100, 39, 246662
2026/06/09 22:41:57.997, 0, 238.14, 0, 33, 248264
2026/06/09 22:41:57.997, 1, 236.31, 0, 33, 248264
2026/06/09 22:41:57.997, 2, 463.57, 100, 39, 246662
2026/06/09 22:41:57.997, 3, 463.42, 100, 39, 246662
2026/06/09 22:41:58.997, 0, 238.14, 0, 33, 248264
2026/06/09 22:41:58.997, 1, 236.12, 0, 33, 248264
2026/06/09 22:41:58.998, 2, 465.14, 100, 39, 246662
2026/06/09 22:41:58.998, 3, 465.13, 100, 39, 246662
2026/06/09 22:41:59.998, 0, 238.14, 0, 33, 248264
2026/06/09 22:41:59.998, 1, 236.24, 0, 33, 248264
2026/06/09 22:41:59.998, 2, 464.17, 100, 39, 246662
2026/06/09 22:41:59.998, 3, 462.01, 100, 39, 246662
2026/06/09 22:42:00.998, 0, 238.14, 0, 33, 248264
2026/06/09 22:42:00.998, 1, 236.20, 0, 33, 248264
2026/06/09 22:42:00.998, 2, 465.18, 100, 39, 246662
2026/06/09 22:42:00.998, 3, 464.94, 100, 39, 246662
2026/06/09 22:42:01.998, 0, 238.14, 0, 33, 248264
2026/06/09 22:42:01.998, 1, 236.10, 0, 33, 248264
2026/06/09 22:42:01.999, 2, 462.91, 100, 39, 246662
2026/06/09 22:42:01.999, 3, 463.86, 100, 39, 246662
2026/06/09 22:42:02.999, 0, 238.14, 0, 33, 248264
2026/06/09 22:42:02.999, 1, 235.45, 0, 33, 248264
2026/06/09 22:42:02.999, 2, 465.35, 100, 39, 246662
2026/06/09 22:42:02.999, 3, 467.62, 100, 39, 246662
2026/06/09 22:42:03.999, 0, 238.14, 0, 33, 248264
2026/06/09 22:42:03.999, 1, 234.91, 0, 33, 248264
2026/06/09 22:42:03.999, 2, 466.74, 100, 39, 246662
2026/06/09 22:42:03.999, 3, 466.75, 100, 39, 246662
2026/06/09 22:42:04.999, 0, 238.22, 0, 33, 248264
2026/06/09 22:42:05.000, 1, 235.70, 0, 33, 248264
2026/06/09 22:42:05.000, 2, 466.43, 100, 38, 246662
2026/06/09 22:42:05.000, 3, 466.98, 100, 39, 246662
2026/06/09 22:42:06.000, 0, 238.14, 0, 33, 248264
2026/06/09 22:42:06.000, 1, 235.27, 0, 33, 248264
2026/06/09 22:42:06.000, 2, 463.79, 100, 38, 246662
2026/06/09 22:42:06.000, 3, 464.18, 100, 39, 246662
2026/06/09 22:42:07.000, 0, 238.14, 0, 33, 248264
2026/06/09 22:42:07.000, 1, 235.32, 0, 33, 248264
2026/06/09 22:42:07.000, 2, 464.99, 100, 38, 246662
2026/06/09 22:42:07.000, 3, 467.49, 100, 39, 246662
2026/06/09 22:42:08.000, 0, 239.07, 0, 33, 248264
2026/06/09 22:42:08.000, 1, 236.43, 0, 33, 248264
2026/06/09 22:42:08.001, 2, 465.59, 100, 38, 246662
2026/06/09 22:42:08.001, 3, 466.27, 100, 39, 246662
2026/06/09 22:42:09.001, 0, 238.14, 0, 33, 248264
2026/06/09 22:42:09.001, 1, 235.36, 0, 33, 248264
2026/06/09 22:42:09.001, 2, 466.15, 100, 38, 246662
2026/06/09 22:42:09.001, 3, 465.64, 100, 38, 246662
2026/06/09 22:42:10.001, 0, 238.14, 0, 33, 248264
2026/06/09 22:42:10.001, 1, 235.69, 0, 33, 248264
2026/06/09 22:42:10.001, 2, 466.21, 100, 38, 246662
2026/06/09 22:42:10.001, 3, 469.01, 100, 39, 246662
2026/06/09 22:42:11.001, 0, 296.06, 0, 33, 248264
2026/06/09 22:42:11.001, 1, 299.45, 0, 33, 248264
2026/06/09 22:42:11.001, 2, 462.47, 100, 38, 246662
2026/06/09 22:42:11.002, 3, 465.17, 100, 38, 246662
2026/06/09 22:42:12.002, 0, 238.14, 0, 33, 248264
2026/06/09 22:42:12.002, 1, 235.87, 0, 33, 248264
2026/06/09 22:42:12.002, 2, 464.64, 100, 38, 246662
2026/06/09 22:42:12.002, 3, 468.24, 100, 38, 246662
2026/06/09 22:42:13.002, 0, 238.14, 0, 33, 248264
2026/06/09 22:42:13.002, 1, 234.75, 0, 33, 248264
2026/06/09 22:42:13.002, 2, 466.61, 100, 38, 246662
2026/06/09 22:42:13.002, 3, 467.09, 100, 38, 246662
2026/06/09 22:42:14.002, 0, 238.14, 0, 33, 248264
2026/06/09 22:42:14.002, 1, 234.78, 0, 33, 248264
2026/06/09 22:42:14.002, 2, 464.65, 100, 38, 246662
2026/06/09 22:42:14.003, 3, 465.84, 100, 38, 246662
2026/06/09 22:42:15.003, 0, 238.13, 0, 33, 248264
2026/06/09 22:42:15.003, 1, 234.36, 0, 33, 248264
2026/06/09 22:42:15.003, 2, 465.35, 100, 38, 246662
2026/06/09 22:42:15.003, 3, 466.93, 100, 38, 246662
2026/06/09 22:42:16.003, 0, 238.14, 0, 33, 248264
2026/06/09 22:42:16.003, 1, 234.66, 0, 33, 248264
2026/06/09 22:42:16.003, 2, 466.37, 100, 38, 246662
2026/06/09 22:42:16.003, 3, 466.36, 100, 38, 246662
2026/06/09 22:42:17.003, 0, 238.14, 0, 33, 248264
2026/06/09 22:42:17.004, 1, 234.45, 0, 33, 248264
2026/06/09 22:42:17.004, 2, 465.89, 100, 38, 246662
2026/06/09 22:42:17.004, 3, 466.04, 100, 38, 246662
2026/06/09 22:42:18.004, 0, 238.13, 0, 33, 248264
2026/06/09 22:42:18.004, 1, 234.66, 0, 33, 248264
2026/06/09 22:42:18.004, 2, 465.85, 100, 38, 246662
2026/06/09 22:42:18.004, 3, 468.67, 100, 38, 246662
2026/06/09 22:42:19.004, 0, 238.14, 0, 33, 248264
2026/06/09 22:42:19.004, 1, 234.59, 0, 33, 248264
2026/06/09 22:42:19.004, 2, 463.86, 100, 38, 246662
2026/06/09 22:42:19.004, 3, 461.57, 100, 38, 246662
2026/06/09 22:42:20.004, 0, 238.14, 0, 33, 248264
2026/06/09 22:42:20.005, 1, 234.98, 0, 33, 248264
2026/06/09 22:42:20.005, 2, 463.40, 100, 38, 246662
2026/06/09 22:42:20.005, 3, 463.17, 100, 38, 246662
2026/06/09 22:42:21.005, 0, 238.14, 0, 33, 248264
2026/06/09 22:42:21.005, 1, 235.31, 0, 33, 248264
2026/06/09 22:42:21.005, 2, 466.49, 100, 38, 246662
2026/06/09 22:42:21.005, 3, 465.48, 100, 38, 246662
2026/06/09 22:42:22.005, 0, 238.14, 0, 33, 248264
2026/06/09 22:42:22.005, 1, 234.63, 0, 33, 248264
2026/06/09 22:42:22.005, 2, 468.87, 100, 38, 246662
2026/06/09 22:42:22.005, 3, 467.25, 100, 39, 246662
2026/06/09 22:42:23.005, 0, 238.14, 0, 33, 248264
2026/06/09 22:42:23.005, 1, 235.15, 0, 33, 248264
2026/06/09 22:42:23.006, 2, 468.10, 100, 39, 246662
2026/06/09 22:42:23.006, 3, 468.91, 100, 39, 246662
2026/06/09 22:42:24.006, 0, 238.14, 0, 33, 248264
2026/06/09 22:42:24.006, 1, 235.13, 0, 33, 248264
2026/06/09 22:42:24.006, 2, 468.96, 100, 39, 246662
2026/06/09 22:42:24.006, 3, 470.53, 100, 39, 246662
2026/06/09 22:42:25.006, 0, 238.14, 0, 33, 248264
2026/06/09 22:42:25.006, 1, 235.00, 0, 33, 248264
2026/06/09 22:42:25.007, 2, 468.91, 100, 39, 246662
2026/06/09 22:42:25.008, 3, 467.14, 100, 39, 246662
2026/06/09 22:42:26.009, 0, 238.14, 0, 33, 248264
2026/06/09 22:42:26.010, 1, 235.87, 0, 33, 248264
2026/06/09 22:42:26.010, 2, 469.82, 100, 39, 246662
2026/06/09 22:42:26.011, 3, 468.58, 100, 39, 246662
2026/06/09 22:42:27.013, 0, 238.14, 0, 33, 248264
2026/06/09 22:42:27.013, 1, 235.37, 0, 33, 248264
2026/06/09 22:42:27.014, 2, 469.17, 100, 39, 246662
2026/06/09 22:42:27.015, 3, 469.94, 100, 39, 246662
2026/06/09 22:42:28.016, 0, 238.14, 0, 33, 248264
2026/06/09 22:42:28.017, 1, 235.47, 0, 33, 248264
2026/06/09 22:42:28.017, 2, 469.85, 100, 39, 246662
2026/06/09 22:42:28.017, 3, 468.02, 100, 39, 246662
2026/06/09 22:42:29.017, 0, 238.14, 0, 33, 248264
2026/06/09 22:42:29.017, 1, 235.53, 0, 33, 248264
2026/06/09 22:42:29.017, 2, 466.61, 100, 39, 246662
2026/06/09 22:42:29.017, 3, 467.61, 100, 39, 246662
2026/06/09 22:42:30.017, 0, 238.14, 0, 33, 248264
2026/06/09 22:42:30.017, 1, 235.69, 0, 33, 248264
2026/06/09 22:42:30.017, 2, 469.04, 100, 39, 246662
2026/06/09 22:42:30.017, 3, 469.60, 100, 39, 246662
2026/06/09 22:42:31.017, 0, 238.14, 0, 33, 248264
2026/06/09 22:42:31.018, 1, 234.93, 0, 33, 248264
2026/06/09 22:42:31.018, 2, 471.74, 100, 39, 246662
2026/06/09 22:42:31.018, 3, 472.08, 100, 39, 246662
2026/06/09 22:42:32.018, 0, 238.14, 0, 33, 248264
2026/06/09 22:42:32.018, 1, 235.79, 0, 33, 248264
2026/06/09 22:42:32.018, 2, 469.76, 100, 39, 246662
2026/06/09 22:42:32.018, 3, 473.16, 100, 39, 246662
2026/06/09 22:42:33.018, 0, 238.13, 0, 33, 248264
2026/06/09 22:42:33.018, 1, 236.30, 0, 33, 248264
2026/06/09 22:42:33.018, 2, 472.48, 100, 39, 246662
2026/06/09 22:42:33.018, 3, 471.53, 100, 39, 246662
2026/06/09 22:42:34.018, 0, 238.14, 0, 33, 248264
2026/06/09 22:42:34.019, 1, 235.67, 0, 33, 248264
2026/06/09 22:42:34.019, 2, 471.85, 100, 39, 246662
2026/06/09 22:42:34.019, 3, 472.42, 100, 39, 246662
2026/06/09 22:42:35.019, 0, 258.36, 0, 33, 248264
2026/06/09 22:42:35.019, 1, 255.91, 0, 33, 248264
2026/06/09 22:42:35.019, 2, 469.18, 100, 39, 246662
2026/06/09 22:42:35.019, 3, 469.54, 100, 39, 246662
2026/06/09 22:42:36.019, 0, 285.74, 0, 34, 248264
2026/06/09 22:42:36.019, 1, 287.26, 0, 34, 248264
2026/06/09 22:42:36.019, 2, 467.92, 100, 39, 246662
2026/06/09 22:42:36.019, 3, 468.54, 100, 39, 246662
2026/06/09 22:42:37.019, 0, 238.14, 0, 33, 248264
2026/06/09 22:42:37.019, 1, 237.10, 0, 33, 248264
2026/06/09 22:42:37.020, 2, 467.45, 100, 39, 246662
2026/06/09 22:42:37.020, 3, 467.79, 100, 39, 246662
2026/06/09 22:42:38.020, 0, 238.14, 0, 33, 248264
2026/06/09 22:42:38.020, 1, 236.34, 0, 33, 248264
2026/06/09 22:42:38.020, 2, 466.11, 100, 39, 246662
2026/06/09 22:42:38.020, 3, 466.07, 100, 39, 246662
2026/06/09 22:42:39.020, 0, 238.22, 0, 33, 248264
2026/06/09 22:42:39.020, 1, 236.22, 0, 33, 248264
2026/06/09 22:42:39.020, 2, 467.23, 100, 39, 246662
2026/06/09 22:42:39.020, 3, 466.17, 100, 39, 246662
2026/06/09 22:42:40.020, 0, 256.22, 0, 34, 248264
2026/06/09 22:42:40.020, 1, 253.84, 0, 34, 248264
2026/06/09 22:42:40.020, 2, 466.45, 100, 39, 246662
2026/06/09 22:42:40.021, 3, 467.02, 100, 39, 246662
2026/06/09 22:42:41.021, 0, 238.29, 0, 34, 248264
2026/06/09 22:42:41.021, 1, 236.71, 0, 34, 248264
2026/06/09 22:42:41.021, 2, 468.19, 100, 39, 246662
2026/06/09 22:42:41.021, 3, 468.94, 100, 39, 246662
2026/06/09 22:42:42.021, 0, 238.53, 0, 34, 248264
2026/06/09 22:42:42.021, 1, 237.04, 0, 34, 248264
2026/06/09 22:42:42.021, 2, 467.22, 100, 39, 246662
2026/06/09 22:42:42.021, 3, 469.38, 100, 39, 246662
2026/06/09 22:42:43.021, 0, 238.29, 0, 34, 248264
2026/06/09 22:42:43.021, 1, 236.89, 0, 34, 248264
2026/06/09 22:42:43.022, 2, 468.64, 100, 39, 246662
2026/06/09 22:42:43.022, 3, 466.89, 100, 39, 246662
2026/06/09 22:42:44.022, 0, 238.14, 0, 34, 248264
2026/06/09 22:42:44.022, 1, 236.89, 0, 34, 248264
2026/06/09 22:42:44.022, 2, 468.49, 100, 39, 246662
2026/06/09 22:42:44.022, 3, 467.68, 100, 39, 246662
2026/06/09 22:42:45.022, 0, 255.09, 0, 34, 248264
2026/06/09 22:42:45.022, 1, 268.32, 0, 34, 248264
2026/06/09 22:42:45.022, 2, 468.50, 100, 39, 246662
2026/06/09 22:42:45.022, 3, 466.81, 100, 39, 246662
2026/06/09 22:42:46.022, 0, 238.45, 0, 34, 248264
2026/06/09 22:42:46.023, 1, 237.33, 0, 34, 248264
2026/06/09 22:42:46.023, 2, 468.90, 100, 39, 246662
2026/06/09 22:42:46.023, 3, 468.34, 100, 39, 246662
2026/06/09 22:42:47.023, 0, 250.02, 24, 34, 248264
2026/06/09 22:42:47.023, 1, 257.64, 0, 34, 248264
2026/06/09 22:42:47.023, 2, 468.51, 98, 39, 246662
2026/06/09 22:42:47.023, 3, 469.10, 98, 39, 246662
2026/06/09 22:42:48.023, 0, 239.23, 0, 34, 248264
2026/06/09 22:42:48.023, 1, 237.24, 0, 34, 248264
2026/06/09 22:42:48.023, 2, 472.99, 100, 39, 246662
2026/06/09 22:42:48.023, 3, 471.74, 100, 39, 246662
2026/06/09 22:42:49.024, 0, 238.76, 0, 34, 248264
2026/06/09 22:42:49.024, 1, 237.10, 0, 34, 248264
2026/06/09 22:42:49.024, 2, 471.67, 100, 39, 246662
2026/06/09 22:42:49.024, 3, 471.61, 100, 39, 246662
2026/06/09 22:42:50.024, 0, 238.46, 0, 34, 248264
2026/06/09 22:42:50.024, 1, 236.93, 0, 34, 248264
2026/06/09 22:42:50.024, 2, 470.12, 100, 39, 246662
2026/06/09 22:42:50.024, 3, 470.75, 100, 39, 246662
2026/06/09 22:42:51.024, 0, 238.30, 0, 34, 248264
2026/06/09 22:42:51.024, 1, 237.48, 0, 34, 248264
2026/06/09 22:42:51.024, 2, 469.31, 100, 39, 246662
2026/06/09 22:42:51.024, 3, 469.55, 100, 39, 246662
2026/06/09 22:42:52.025, 0, 238.53, 0, 34, 248264
2026/06/09 22:42:52.025, 1, 237.74, 0, 34, 248264
2026/06/09 22:42:52.026, 2, 469.71, 100, 39, 246662
2026/06/09 22:42:52.027, 3, 469.15, 100, 39, 246662
2026/06/09 22:42:53.028, 0, 238.67, 0, 34, 248264
2026/06/09 22:42:53.029, 1, 237.19, 0, 34, 248264
2026/06/09 22:42:53.030, 2, 471.56, 100, 39, 246662
2026/06/09 22:42:53.031, 3, 468.92, 100, 39, 246662
2026/06/09 22:42:54.032, 0, 238.65, 0, 34, 248264
2026/06/09 22:42:54.033, 1, 237.43, 0, 34, 248264
2026/06/09 22:42:54.034, 2, 468.84, 100, 39, 246662
2026/06/09 22:42:54.036, 3, 471.79, 100, 39, 246662
2026/06/09 22:42:55.037, 0, 238.53, 0, 34, 248264
2026/06/09 22:42:55.038, 1, 237.20, 0, 34, 248264
2026/06/09 22:42:55.039, 2, 469.77, 100, 39, 246662
2026/06/09 22:42:55.040, 3, 470.21, 100, 39, 246662
2026/06/09 22:42:56.041, 0, 238.38, 0, 34, 248264
2026/06/09 22:42:56.042, 1, 237.15, 0, 34, 248264
2026/06/09 22:42:56.043, 2, 471.14, 100, 39, 246662
2026/06/09 22:42:56.044, 3, 470.06, 100, 39, 246662
2026/06/09 22:42:57.045, 0, 238.68, 0, 34, 248264
2026/06/09 22:42:57.046, 1, 236.57, 0, 34, 248264
2026/06/09 22:42:57.046, 2, 472.14, 100, 39, 246662
2026/06/09 22:42:57.047, 3, 470.05, 100, 39, 246662
2026/06/09 22:42:58.048, 0, 238.46, 0, 34, 248264
2026/06/09 22:42:58.049, 1, 237.28, 0, 34, 248264
2026/06/09 22:42:58.049, 2, 470.68, 100, 39, 246662
2026/06/09 22:42:58.049, 3, 468.65, 100, 39, 246662
2026/06/09 22:42:59.049, 0, 238.61, 0, 34, 248264
2026/06/09 22:42:59.049, 1, 236.95, 0, 34, 248264
2026/06/09 22:42:59.049, 2, 470.65, 100, 39, 246662
2026/06/09 22:42:59.049, 3, 472.82, 100, 39, 246662
2026/06/09 22:43:00.049, 0, 238.75, 0, 34, 248264
2026/06/09 22:43:00.049, 1, 237.51, 0, 34, 248264
2026/06/09 22:43:00.049, 2, 471.92, 100, 39, 246662
2026/06/09 22:43:00.049, 3, 470.84, 100, 39, 246662
2026/06/09 22:43:01.049, 0, 238.53, 0, 34, 248264
2026/06/09 22:43:01.049, 1, 237.28, 0, 34, 248264
2026/06/09 22:43:01.050, 2, 472.20, 100, 39, 246662
2026/06/09 22:43:01.050, 3, 472.89, 100, 40, 246662
2026/06/09 22:43:02.050, 0, 238.46, 0, 34, 248264
2026/06/09 22:43:02.050, 1, 237.20, 0, 34, 248264
2026/06/09 22:43:02.050, 2, 472.25, 100, 39, 246662
2026/06/09 22:43:02.050, 3, 470.41, 100, 40, 246662
2026/06/09 22:43:03.050, 0, 250.88, 0, 34, 248264
2026/06/09 22:43:03.050, 1, 260.99, 0, 34, 248264
2026/06/09 22:43:03.050, 2, 470.06, 100, 39, 246662
2026/06/09 22:43:03.050, 3, 468.00, 100, 39, 246662
2026/06/09 22:43:04.050, 0, 251.70, 0, 34, 248264
2026/06/09 22:43:04.051, 1, 260.36, 0, 34, 248264
2026/06/09 22:43:04.051, 2, 468.57, 100, 39, 246662
2026/06/09 22:43:04.051, 3, 466.13, 100, 39, 246662
2026/06/09 22:43:05.051, 0, 238.69, 0, 34, 248264
2026/06/09 22:43:05.051, 1, 237.70, 0, 34, 248264
2026/06/09 22:43:05.051, 2, 468.41, 100, 39, 246662
2026/06/09 22:43:05.051, 3, 467.70, 100, 40, 246662
2026/06/09 22:43:06.051, 0, 289.30, 0, 34, 248264
2026/06/09 22:43:06.051, 1, 288.97, 0, 34, 248264
2026/06/09 22:43:06.051, 2, 465.68, 100, 39, 246662
2026/06/09 22:43:06.051, 3, 468.21, 100, 40, 246662
2026/06/09 22:43:07.051, 0, 240.13, 0, 34, 248264
2026/06/09 22:43:07.051, 1, 237.71, 0, 34, 248264
2026/06/09 22:43:07.052, 2, 469.78, 100, 39, 246662
2026/06/09 22:43:07.052, 3, 467.34, 100, 40, 246662
2026/06/09 22:43:08.052, 0, 240.42, 0, 34, 248264
2026/06/09 22:43:08.052, 1, 238.38, 0, 34, 248264
2026/06/09 22:43:08.052, 2, 468.81, 100, 39, 246662
2026/06/09 22:43:08.052, 3, 466.93, 100, 40, 246662
2026/06/09 22:43:09.052, 0, 239.00, 0, 34, 248264
2026/06/09 22:43:09.052, 1, 237.57, 0, 34, 248264
2026/06/09 22:43:09.052, 2, 467.65, 100, 39, 246662
2026/06/09 22:43:09.052, 3, 466.20, 100, 39, 246662
2026/06/09 22:43:10.052, 0, 239.07, 0, 34, 248264
2026/06/09 22:43:10.052, 1, 237.49, 0, 34, 248264
2026/06/09 22:43:10.052, 2, 468.24, 100, 39, 246662
2026/06/09 22:43:10.052, 3, 466.23, 100, 40, 246662
2026/06/09 22:43:11.053, 0, 299.47, 0, 35, 248264
2026/06/09 22:43:11.053, 1, 295.56, 0, 34, 248264
2026/06/09 22:43:11.053, 2, 465.57, 100, 39, 246662
2026/06/09 22:43:11.053, 3, 467.63, 100, 40, 246662
2026/06/09 22:43:12.053, 0, 240.08, 0, 34, 248264
2026/06/09 22:43:12.053, 1, 237.61, 0, 34, 248264
2026/06/09 22:43:12.053, 2, 465.07, 100, 39, 246662
2026/06/09 22:43:12.053, 3, 464.08, 100, 40, 246662
2026/06/09 22:43:13.053, 0, 263.42, 0, 34, 248266
2026/06/09 22:43:13.053, 1, 260.20, 0, 34, 248266
2026/06/09 22:43:13.054, 2, 463.49, 100, 39, 246662
2026/06/09 22:43:13.054, 3, 462.70, 100, 40, 246662
2026/06/09 22:43:14.054, 0, 257.51, 22, 35, 248266
2026/06/09 22:43:14.054, 1, 258.07, 21, 34, 248266
2026/06/09 22:43:14.054, 2, 463.15, 98, 39, 246662
2026/06/09 22:43:14.054, 3, 462.29, 100, 39, 246662
2026/06/09 22:43:15.054, 0, 239.58, 0, 34, 248266
2026/06/09 22:43:15.054, 1, 237.55, 0, 34, 248266
2026/06/09 22:43:15.054, 2, 465.40, 100, 39, 246662
2026/06/09 22:43:15.054, 3, 467.91, 100, 39, 246662
2026/06/09 22:43:16.054, 0, 238.75, 0, 34, 248266
2026/06/09 22:43:16.055, 1, 237.77, 0, 34, 248266
2026/06/09 22:43:16.055, 2, 465.81, 100, 39, 246662
2026/06/09 22:43:16.055, 3, 463.62, 100, 39, 246662
2026/06/09 22:43:17.055, 0, 238.76, 0, 34, 248266
2026/06/09 22:43:17.055, 1, 237.17, 0, 34, 248266
2026/06/09 22:43:17.055, 2, 461.47, 100, 39, 246662
2026/06/09 22:43:17.055, 3, 460.83, 100, 39, 246662
2026/06/09 22:43:18.058, 0, 238.51, 0, 34, 248266
2026/06/09 22:43:18.059, 1, 237.23, 0, 34, 248266
2026/06/09 22:43:18.059, 2, 463.44, 100, 39, 246662
2026/06/09 22:43:18.059, 3, 463.22, 100, 39, 246662
2026/06/09 22:43:19.059, 0, 238.22, 0, 34, 248266
2026/06/09 22:43:19.059, 1, 237.20, 0, 34, 248266
2026/06/09 22:43:19.059, 2, 463.34, 100, 39, 246662
2026/06/09 22:43:19.059, 3, 463.32, 100, 39, 246662
2026/06/09 22:43:20.059, 0, 238.30, 0, 34, 248266
2026/06/09 22:43:20.059, 1, 236.93, 0, 34, 248266
2026/06/09 22:43:20.059, 2, 464.20, 100, 39, 246662
2026/06/09 22:43:20.059, 3, 467.09, 100, 39, 246662
2026/06/09 22:43:21.059, 0, 238.22, 0, 34, 248266
2026/06/09 22:43:21.060, 1, 237.02, 0, 33, 248266
2026/06/09 22:43:21.060, 2, 465.14, 100, 39, 246662
2026/06/09 22:43:21.060, 3, 463.87, 100, 39, 246662
2026/06/09 22:43:22.060, 0, 238.14, 0, 33, 248266
2026/06/09 22:43:22.060, 1, 236.96, 0, 33, 248266
2026/06/09 22:43:22.060, 2, 466.79, 100, 39, 246662
2026/06/09 22:43:22.060, 3, 462.65, 100, 39, 246662
2026/06/09 22:43:23.061, 0, 253.43, 0, 34, 248266
2026/06/09 22:43:23.062, 1, 259.46, 0, 34, 248266
2026/06/09 22:43:23.062, 2, 464.13, 100, 39, 246662
2026/06/09 22:43:23.064, 3, 464.61, 100, 39, 246662
2026/06/09 22:43:24.065, 0, 238.14, 0, 33, 248266
2026/06/09 22:43:24.066, 1, 236.49, 0, 33, 248266
2026/06/09 22:43:24.066, 2, 466.18, 100, 39, 246662
2026/06/09 22:43:24.067, 3, 466.06, 100, 39, 246662
2026/06/09 22:43:25.069, 0, 276.50, 3, 36, 248266
2026/06/09 22:43:25.070, 1, 250.51, 6, 34, 248266
2026/06/09 22:43:25.070, 2, 463.24, 100, 39, 246662
2026/06/09 22:43:25.071, 3, 464.67, 100, 39, 246662
2026/06/09 22:43:26.073, 0, 238.70, 0, 34, 248266
2026/06/09 22:43:26.073, 1, 236.89, 0, 33, 248266
2026/06/09 22:43:26.074, 2, 466.43, 100, 39, 246662
2026/06/09 22:43:26.075, 3, 467.37, 100, 39, 246662
2026/06/09 22:43:27.077, 0, 238.30, 0, 33, 248266
2026/06/09 22:43:27.077, 1, 236.44, 0, 33, 248266
2026/06/09 22:43:27.078, 2, 463.81, 100, 39, 246662
2026/06/09 22:43:27.079, 3, 465.29, 100, 39, 246662
2026/06/09 22:43:28.080, 0, 238.14, 0, 33, 248266
2026/06/09 22:43:28.080, 1, 236.61, 0, 33, 248266
2026/06/09 22:43:28.080, 2, 464.12, 100, 39, 246662
2026/06/09 22:43:28.080, 3, 465.36, 100, 39, 246662
2026/06/09 22:43:29.080, 0, 238.22, 0, 33, 248266
2026/06/09 22:43:29.080, 1, 236.65, 0, 33, 248266
2026/06/09 22:43:29.081, 2, 466.23, 100, 39, 246662
2026/06/09 22:43:29.081, 3, 465.32, 100, 39, 246662
2026/06/09 22:43:30.081, 0, 238.22, 0, 33, 248266
2026/06/09 22:43:30.081, 1, 235.96, 0, 33, 248266
2026/06/09 22:43:30.081, 2, 467.55, 100, 39, 246662
2026/06/09 22:43:30.081, 3, 467.01, 100, 39, 246662
2026/06/09 22:43:31.081, 0, 238.14, 0, 33, 248266
2026/06/09 22:43:31.081, 1, 235.59, 0, 33, 248266
2026/06/09 22:43:31.081, 2, 466.00, 100, 39, 246662
2026/06/09 22:43:31.081, 3, 465.56, 100, 39, 246662
2026/06/09 22:43:32.081, 0, 238.14, 0, 33, 248266
2026/06/09 22:43:32.081, 1, 236.01, 0, 33, 248266
2026/06/09 22:43:32.081, 2, 465.35, 100, 39, 246662
2026/06/09 22:43:32.081, 3, 464.66, 100, 39, 246662
2026/06/09 22:43:33.082, 0, 238.14, 0, 33, 248266
2026/06/09 22:43:33.082, 1, 236.24, 0, 33, 248266
2026/06/09 22:43:33.082, 2, 465.67, 100, 39, 246662
2026/06/09 22:43:33.082, 3, 465.73, 100, 39, 246662
2026/06/09 22:43:34.082, 0, 238.21, 0, 33, 248266
2026/06/09 22:43:34.082, 1, 236.35, 0, 33, 248266
2026/06/09 22:43:34.082, 2, 465.90, 100, 39, 246662
2026/06/09 22:43:34.082, 3, 465.34, 100, 39, 246662
2026/06/09 22:43:35.082, 0, 238.14, 0, 33, 248266
2026/06/09 22:43:35.082, 1, 235.97, 0, 33, 248266
2026/06/09 22:43:35.082, 2, 466.39, 100, 39, 246662
2026/06/09 22:43:35.082, 3, 467.12, 100, 39, 246662
2026/06/09 22:43:36.083, 0, 238.14, 0, 33, 248266
2026/06/09 22:43:36.083, 1, 235.78, 0, 33, 248266
2026/06/09 22:43:36.083, 2, 467.56, 100, 39, 246662
2026/06/09 22:43:36.083, 3, 464.82, 100, 39, 246662
2026/06/09 22:43:37.083, 0, 254.02, 0, 33, 248266
2026/06/09 22:43:37.083, 1, 276.62, 0, 34, 248266
2026/06/09 22:43:37.083, 2, 467.76, 100, 39, 246662
2026/06/09 22:43:37.083, 3, 468.30, 100, 39, 246662
2026/06/09 22:43:38.083, 0, 238.22, 0, 33, 248266
2026/06/09 22:43:38.083, 1, 236.74, 0, 33, 248266
2026/06/09 22:43:38.083, 2, 467.39, 100, 39, 246662
2026/06/09 22:43:38.083, 3, 466.52, 100, 39, 246662
2026/06/09 22:43:39.083, 0, 238.22, 0, 33, 248266
2026/06/09 22:43:39.084, 1, 235.90, 0, 33, 248266
2026/06/09 22:43:39.084, 2, 467.71, 100, 39, 246662
2026/06/09 22:43:39.084, 3, 467.96, 100, 39, 246662
2026/06/09 22:43:40.084, 0, 238.14, 0, 33, 248266
2026/06/09 22:43:40.084, 1, 235.92, 0, 33, 248266
2026/06/09 22:43:40.084, 2, 468.50, 100, 39, 246662
2026/06/09 22:43:40.084, 3, 469.53, 100, 39, 246662
